Input Sample	B cells	CD8 T cells	CD4 T cells	NK cells	Monocytes	Neutrophils	P-value	Pearson Correlation	RMSE
TCGA-61-1910-01	0.12844002840464397	0	0.4322282641553339	0.001	0.4383611402138141	0	0.046	0.11811976542162245	1.1115178572340991
TCGA-61-1728-01	0.12996452043976175	0	0.49309710279956975	0.0158099999715448	0.3611283767891238	0	0.034	0.1576025216028309	1.0562232089241586
TCGA-09-1666-01	0.2483413380999142	0.13910091130185573	0.13703518385600272	0.0014152412588361845	0.4741073254833911	0	0.01	0.25508322215807655	1.0543641897344482
TCGA-24-1469-01	0.2970148987285899	0	0.28756920709074635	0	0.41541589418066377	0	0.034	0.1587949590748986	1.0896280446916187
TCGA-04-1348-01	0.16960758406873674	0.382042331663041	0	0.0023187759171550333	0.4460313083510672	0	0	0.3656354844189979	0.9659740910121707
TCGA-61-1917-01	0.03264810277637885	0.08331870031882582	0.2001720134251432	0	0.6838611834796522	0	0.034	0.1503530157612785	1.248341324471508
TCGA-61-2009-01	0	0	0.25051641609198466	0	0.7494603470547149	0	0.016	0.2061419100444951	1.2584475642867048
TCGA-31-1950-01	0.4778930533429755	0.12726523949174748	0.14256258062785626	0	0.2521197497231432	0.0002	0	0.46606012304816175	0.8856256888535945
TCGA-31-1951-01	0.03551525479720491	0.19466814559534007	0.13137314047825635	0.023329362743054877	0.6151140963861438	0	0.012	0.21924612094915294	1.1469702335262393
TCGA-61-1995-01	0.18767303438288582	0	0.27601866981352435	0.0026218012128505887	0.5336864945907391	0	0.004	0.31849397478855845	1.0373149671945987
TCGA-24-2297-01	0.11163105757303154	0	0.6258067437885839	0.005731791630894643	0.2568304070074899	0	0.082	0.08529322099626234	1.0585771801577604
TCGA-24-1555-01	0.36136655406001283	0	0.29425305428496384	0	0.3443803916550233	0	0.002	0.3248369855584581	0.9742580215768224
TCGA-25-1322-01	0.015197920790960386	0	0.321371871058892	0.028434982062529368	0.6349952260876183	0	0.022	0.1836048262970776	1.186703817085057
TCGA-24-1427-01	0.04620974777923411	0.25541485314710044	0.18701787467553307	0	0.5113575243981323	0	0.016	0.19857403750708527	1.0976335825192056
TCGA-29-1698-01	0.07365221060010521	0	0.410836425546044	0.011914267125919187	0.5035970967279316	0	0.052	0.11353759899209992	1.1482991938891967
TCGA-23-1023-01	0.23073767043679552	0.2998645560691433	0.027519806519418953	0.03717122042128389	0.40470674655335837	0	0.004	0.3046204273346342	0.9932925770503883
TCGA-13-0924-01	0.06939464716946978	0.31463389603856484	0.041556022683793915	0.0033596624027758394	0.5710557717053956	0	0.006	0.2986870584492189	1.0636646485528216
TCGA-24-1847-01	0.1814805096033528	0.4857465420215548	0	0	0.33277294837509247	0	0	0.36735575150502586	0.9389800129572708
TCGA-24-1843-01	0.15992028239389827	0.31337176753966056	0.06312978300830586	0	0.4635781670581353	0	0	0.3346428513771566	0.9919311712646619
TCGA-25-1321-01	0.2049061587848887	0	0.39660129242981124	0	0.39849254878530005	0	0.07	0.09343236620787986	1.1088714181479917
TCGA-30-1891-01	0.027498807289122875	0.304137527416163	0	0	0.6683636652947141	0	0.02	0.18930604384599964	1.206718784523241
TCGA-25-1326-01	0.16368554995869974	0	0.1372123945247819	0.002658718351342286	0.696443337165176	0	0.01	0.26174645031721844	1.1839744779131023
TCGA-29-2414-01	0.2878372477701071	0.02857484280413304	0.38254997673386226	0	0.30103793269189755	0	0.034	0.14792994249280667	1.0480593571979941
TCGA-09-1670-01	0.30799393042367884	0	0.18955851076497943	0	0.5024475588113416	0	0.01	0.2830923545843309	1.0570873902639353
TCGA-24-2033-01	0.455770399473938	0.20961011932152468	0	0	0.33461948120453733	0	0.004	0.3184544094596378	0.9836927164016259
TCGA-29-2414-02	0.19287824986905747	0.2945709520734717	0.037088087044259206	0	0.4754627110132117	0	0	0.442085868955518	0.9240366009702962
TCGA-61-1741-01	0.2549470290804276	0.2348118687160806	0.13866356995266962	0	0.3715775322508222	0	0.012	0.22647392220031945	1.0279340984320358
TCGA-31-1953-01	0.14029156082127991	0	0.10823772934301928	0.15282265769286307	0.5986480521428378	0	0	0.3993382760229835	1.0087530261719602
TCGA-30-1855-01	0.16865669263746447	0.27693032775646165	0.10699424219901955	0	0.4474187374070543	0	0.004	0.31954518269868376	0.9959942517821098
TCGA-25-1324-01	0.1099558914136226	0.5376024428879113	0.23557450641276187	0	0.11686715928570422	0	0.034	0.1542809431112753	1.0091029693919749
TCGA-09-2056-01	0.04051383291278668	0.3217188238949529	0	0.02617848361047181	0.6050907480325394	0.006498111549249284	0.01	0.25188934063009755	1.1186570731720453
TCGA-29-1701-01	0.10585833917421318	0.2691373987442932	0	0	0.6250042620814936	0	0.012	0.2265111142107028	1.1524248221706876
TCGA-25-1633-01	0.034272620040501245	0.3371356394641392	0.157315866825896	0	0.47127587366946366	0	0.016	0.20285969242502924	1.0738088792693787
TCGA-25-2396-01	0.13881807334778407	0.5428552732944685	0	0	0.3183266533577474	0	0.012	0.22736988503575103	1.0057552235052645
TCGA-61-1914-01	0.0793018453817734	0	0.2170285624623858	0.00947548516086624	0.6941941069949746	0	0.008	0.28999513307563435	1.152376821055485
TCGA-61-2094-01	0.2932650436047065	0.40882012065118173	0	0	0.2979148357441117	0	0.01	0.2832689057691242	0.9799909312521363
TCGA-29-1705-01	0.10270240459860085	0	0.31130205415353174	0.0018925814038481534	0.5841029598440193	0	0.012	0.23962761279699754	1.1168731757067536
TCGA-36-1580-01	0.09891850190991394	0.13272793122007825	0.2025920251446676	0	0.5657615417253402	0	0.012	0.2405202802583988	1.1037382175150228
TCGA-25-2401-01	0.05607117177792485	0	0.21696002245111343	0.003209648458660675	0.7237591573123009	0	0.01	0.2696759101745427	1.189864644006762
TCGA-5X-AA5U-01	0.09806414346101282	0	0.7708283339484181	0	0.13110752259056904	0	0.082	0.08640056472640936	1.0425615920528943
TCGA-13-0916-01	0.5315341247239823	0.25106954599896775	0.03206142970405317	0	0.18533489957299676	0	0	0.4927335726060124	0.8701126280038559
TCGA-23-2084-01	0.19146542524265936	0	0.28275801756876756	0.024574912795971626	0.5012016443926015	0	0.016	0.19920058104178712	1.0999414410360255
TCGA-36-1577-01	0.01850840524757438	0	0.5292024697287853	0	0.45228912502364027	0	0.1	0.07903599023400132	1.1394760693137191
TCGA-24-1551-01	0.14654471244180794	0	0.2769865741223159	0.04472462405015819	0.531744089385718	0	0.01	0.27135746066265565	1.0658822831176618
TCGA-61-1998-01	0	0	0.21243055339240377	0.024745621679100875	0.7628238249284953	0	0.008	0.29007278608544856	1.200515772043988
TCGA-20-1684-01	0.38767231744304725	0.02031010770844546	0.42731272117273744	0	0.16470485367576984	0	0.046	0.12053593911345525	1.0368693986369044
TCGA-24-1556-01	0.2877299104358238	0	0.37367794007293287	0.029283183462257726	0.3093089660289857	0	0	0.4148795278503085	0.9135418154938403
TCGA-57-1582-01	0	0	0.23342921457102858	0.0003	0.7662336630423894	0	0.018	0.19152658843561784	1.2841431358066369
TCGA-04-1362-01	0.14608473297502966	0	0.4587880384218922	0.017410917426266857	0.37771631117681137	0	0.034	0.15903929861836785	1.0620050067776836
TCGA-61-2113-01	0.04588226002426421	0	0.3511966914278192	0.020536562054062225	0.5823844864938544	0	0.024	0.17132263598560352	1.1600792796043489
TCGA-24-1924-01	0.11400373197496175	0.16221153310346562	0.015564205026903512	0.007544324678055442	0.7006762052166137	0	0	0.3603365810008083	1.1007545666267449
TCGA-31-1946-01	0.052312019726164796	0	0.25687619376590765	0.006658729618077233	0.6841530568898503	0	0.01	0.2724635149941604	1.1574547108873112
TCGA-29-1699-01	0.242513893171377	0	0.14810181949208961	0.06276907788594457	0.5466152094505888	0	0.004	0.30892844044608675	1.0552928736173737
TCGA-61-2002-01	0.08605563940584195	0.20228888257802086	0.05730256617549323	0.005756607535419056	0.648596304305225	0	0	0.378161122642615	1.0489929580809143
TCGA-24-2035-01	0.04466099282576591	0	0.18057963671764865	0.013782877894995549	0.7609764925615898	0	0.01	0.2604139755798412	1.2264177454564784
TCGA-09-1674-01	0.043097528018341776	0	0.839521428455077	0	0.11738104352658105	0	0.19	0.05144904307434688	1.060081944824251
TCGA-29-1710-01	0.17471916232202514	0.02221384947004516	0.1397448617136821	0.09573941589109207	0.5675827106031555	0	0	0.34482992261606643	1.0349052871278028
TCGA-24-1436-01	0.1267553131366748	0.4960939008471025	0	0.017411446593604638	0.3597393394226181	0	0.064	0.10182558708964927	1.0795396930534378
TCGA-13-1497-01	0.02305282680166374	0	0.4469641700775484	0.018677534280247574	0.5113054688405403	0	0.07	0.0941201257061039	1.163644644177846
TCGA-24-2271-01	0.3306807115295112	0.2418547310981394	0.13296715587073502	0.009752509521866721	0.28474489197974767	0	0.004	0.3043222819991714	0.9692246043739791
TCGA-24-1552-01	0	0	0.6192840311780732	0	0.3807159688219268	0	0.046	0.12350060816964867	1.0834740121622652
TCGA-61-1724-01	0.04842688192213161	0	0.3920857144324219	0.04713107910836756	0.5123563245370789	0	0.022	0.18257340785694223	1.1095549949040042
TCGA-20-1685-01	0.17299140651369865	0	0.23261066637740724	0	0.5943979271088942	0	0	0.3701569007858996	1.0300630630426373
TCGA-24-1423-01	0.22606792026637926	0	0.3283915231683274	0.028263193719119145	0.41727736284617417	0	0.024	0.17187001323731949	1.0757958585188396
TCGA-25-2398-01	0.1289132303082625	0	0.26720744728111545	0	0.603879322410622	0	0.034	0.1413262068439638	1.2003591471181785
TCGA-29-1763-01	0.026892044402037362	0.35989951858493835	0.12944576626933657	0	0.48376267074368773	0	0.034	0.14965056117739745	1.1117987440012518
TCGA-29-1703-01	0.30394033846812835	0	0.3500264835887093	0	0.34603317794316235	0	0.034	0.15362022456309243	1.0627463084042166
TCGA-10-0936-01	0.35083032066530956	0.3610492360361981	0.12161293101668151	0.00720410949978325	0.15930340278202762	0	0.032	0.16374922841436151	1.0130072043889937
TCGA-25-2409-01	0.1474870630237163	0	0.22469738818110047	0.060125776858644495	0.5676897719365386	0	0.034	0.15295471880707487	1.16765464528642
TCGA-30-1718-01	0.2651306363702106	0.25894439352332893	0	0.02195027816240181	0.45397469194405865	0	0.042	0.13413615002722398	1.1190590674379113
TCGA-29-1711-01	0.20102740030779245	0.16979507417061612	0.09487458862325836	0.015980851026586574	0.5183220858717464	0	0.014	0.21107402896084865	1.1021051689418713
TCGA-61-2008-01	0.23834236482290289	0	0.24893050291030072	0.007990561696657687	0.5047365705701388	0	0.01	0.2627847697400481	1.0646962461516345
TCGA-61-1740-01	0.23080658307854013	0.1492859570255716	0.020458776211634864	0	0.5994486836842534	0	0	0.3942375667061822	1.0180111455869598
TCGA-29-1785-01	0.16752714712362776	0.34644540949357594	0.045967552123349804	0.02595352458244273	0.41410636667700373	0	0	0.3700998226574959	0.9536040473971603
TCGA-13-1506-01	0.3081014438200875	0	0.32321715536845774	0.028301639333926865	0.3390994951253823	0.001280266352145501	0.046	0.11813529546120895	1.0776373383050077
TCGA-29-1781-01	0.1434761176329865	0.3198121806308317	0	0	0.5367117017361818	0	0	0.45315369109270576	0.9344810481656832
TCGA-36-1570-01	0.17979324565716387	0	0.3802493467009268	0	0.4399574076419093	0	0.014	0.2121143157009792	1.0608376011617555
TCGA-24-1930-01	0.1465646774951031	0	0.1820037190481418	0.014153434010748003	0.6572781694460073	0	0.01	0.26307025810498913	1.1517980988751269
TCGA-13-0799-01	0.49596694169990474	0.1511858344787601	0.19873817822475803	0	0.15410904559657715	0	0.016	0.19931883568413533	1.0121053347752245
TCGA-30-1862-01	0.28839362922862993	0.4400309721949133	0	0	0.2715753985764568	0	0.028	0.16823913161880572	1.027706920929527
TCGA-23-1114-01	0.04890956011037964	0	0.6704750842786716	0	0.2806153556109487	0	0.042	0.12737148590274605	1.0485124718890997
TCGA-25-1626-01	0.037176946602932325	0.3798221364369133	0.009138165340034777	0	0.5738627516201196	0	0.012	0.23979256916601852	1.1058481838676217
TCGA-61-2097-01	0.07539144808652545	0	0.3218520020585833	0.01916744237960907	0.5835891074752823	0	0.012	0.22002421285025964	1.1285719461582426
TCGA-24-1616-01	0.42505840235342013	0	0.315353208987875	0.023606693860267064	0.2359816947984378	0	0.01	0.24514183394712122	0.9971286820509864
TCGA-23-1109-01	0.23975843990374546	0.24460373915496963	0.07774802417946879	0	0.4378897967618161	0	0.012	0.22125452788465477	1.0568893493201112
TCGA-29-2427-01	0.18781159826947594	0.33765882723883583	0	0.06198366375085944	0.4125459107408288	0	0	0.37899126453882176	0.9486922418881746
TCGA-29-1695-01	0.05777021106685402	0	0.1475848753120735	0.01122188729235953	0.783423026328713	0	0.01	0.2644138207670436	1.242871852663404
TCGA-61-1737-01	0.019445525392166575	0	0.246655665774171	0.018588452487250457	0.7153103563464119	0	0.028	0.1678157210540077	1.2603934997574526
TCGA-29-2425-01	0.006020512503184391	0	0.4147874789334566	0.017506554889004353	0.5616854536743546	0	0.04	0.13585158778818507	1.169308325927671
TCGA-09-1662-01	0.24138010917041813	0	0.2238183749143182	0.04947868727628359	0.48532282863898013	0	0.004	0.30386716993124224	1.0273202931911327
TCGA-13-1512-01	0.00806050534340825	0	0.2908694450396317	0.019677918199466495	0.6813921314174936	0	0.032	0.1631215362384571	1.2362124455983379
TCGA-29-1697-01	0.02198162139193991	0	0.7714707580508915	0.028929880715060818	0.17761773984210774	0	0.096	0.08054575831230829	1.0513498595615438
TCGA-24-2024-01	0.22241544262896726	0	0.3133258504157509	0	0.4642587069552818	0	0.01	0.2575202090529114	1.0469684297480595
TCGA-57-1583-01	0.00863745769182291	0	0.6370980978697424	0	0.3542644444384347	0	0.068	0.09831267986342826	1.0859014029920189
TCGA-24-1562-01	0.3866779752094773	0	0.14897583223773508	0.030290144109772005	0.4340560484430157	0	0.01	0.2487752055182766	1.0551938678611397
TCGA-57-1584-01	0.4790610545083419	0	0.20931685613450662	0.019244056810095223	0.29237803254705635	0	0	0.4172349501865875	0.9182526485942687
TCGA-13-1411-01	0.01927356589471677	0.001387386588423292	0.1643823870710774	0.054195740198795604	0.760760920246987	0	0	0.3516836349131121	1.1468120928456935
TCGA-61-2088-01	0.21757743409069008	0	0.6260710258213471	0	0.15635154008796276	0	0.166	0.05564516152371771	1.052069930833419
TCGA-25-1625-01	0.21401255831377936	0	0.16378183671939348	0.015169787219633015	0.6070358177471942	0	0	0.33443347490562436	1.0688808932263953
TCGA-24-2288-01	0.2537296537729898	0.3024104096013472	0.06421638896986197	0	0.3796435476558011	0	0.018	0.1925048596405024	1.049030157400925
TCGA-25-1623-01	0.14630973112242418	0.14497340981753135	0.07948222576621965	0	0.6292346332938249	0	0.004	0.31434021342402685	1.092296893943639
TCGA-25-1312-01	0.25965050852613325	0	0.32240590263578744	0	0.4179435888380792	0	0.052	0.11417113853776029	1.1120467583321
TCGA-61-1725-01	0.09665618551687237	0.3404012309230367	0	0.02566408467411065	0.5372784988859802	0	0.006	0.2923314864538977	1.0509422471678993
TCGA-25-2042-01	0.1493727672002412	0	0.2914907962277219	0.008743395092655398	0.5503930414793814	0	0.034	0.15475496880287887	1.1556910462392498
TCGA-23-1026-01	0.15267343059571278	0.32345801941316976	0	0	0.5238685499911174	0	0	0.33398267645580204	1.018004591266532
TCGA-29-1770-01	0	0	0.5633766769481117	0.012270682343071902	0.4243526407088165	0	0.016	0.19386769611912355	1.0619438507926113
TCGA-09-2054-01	0.07476181328442927	0.25062184258440234	0.38547204826429643	0	0.289144295866872	0	0.092	0.0823520963387921	1.064907099907977
TCGA-61-1919-01	0.025826765528759604	0.11237071057171319	0.10672241772653689	0.0020874762440178133	0.7529926299289725	0	0.01	0.27463583376127615	1.2066314782185263
TCGA-61-1900-01	0.12843914512536905	0	0.5621730611855513	0.015363927586668845	0.2940238661024108	0	0.06	0.10402578737333062	1.0596555646352979
TCGA-24-1558-01	0.13012032993155764	0	0.41953769665903823	0	0.4503419734094041	0	0.048	0.11711345658780357	1.1184398536627742
TCGA-59-2354-01	0.13427463620202315	0.05304338099549058	0.2227154123368553	0.013897839336697373	0.5760687311289336	0	0.01	0.28222647005918733	1.0826446316061282
TCGA-09-2051-01	0.21364288260444936	0.05318532676814485	0.13804086651047254	0.02110522864954926	0.5719387323704331	0.002086963096950909	0.004	0.30716859301373417	1.068631927803469
TCGA-09-1667-01	0.10092017670558757	0.09141166802093541	0.14433144095035402	0.1072618866046626	0.5560748277184604	0	0.016	0.1942561123518467	1.130063495614686
TCGA-23-1809-01	0.004673606800775599	0.0015228840346371984	0.6600592590326629	0	0.3337442501319242	0	0.034	0.15796575138482588	1.0501274281699229
TCGA-31-1956-01	0.08875791529775237	0.16855959654315592	0.04288783294544864	0.008052868021546427	0.6917417871920967	0	0	0.40061215421603685	1.0578776239205006
TCGA-13-0730-01	0.050759327621804996	0.39672691444887936	0	0	0.5525137579293157	0	0.052	0.1150622415642118	1.175319416643549
TCGA-04-1519-01	0.5463979990287902	0.009477916949160968	0.3706772877940874	0	0.07344679622796153	0	0.034	0.14801218843444652	1.0348244651021627
TCGA-25-1870-01	0.5088681405431005	0.01393732075444896	0.02660708338583491	0.01252262436788102	0.4380648309487346	0	0.004	0.31404666334055437	1.0330626412028532
TCGA-29-1688-01	0.14876087148523837	0.018911196876580497	0.16042645282223644	0.06642934353548369	0.605472135280461	0	0.028	0.16698472052857632	1.184770383915798
TCGA-61-2104-01	0.16284174158705045	0.10922388012554371	0.2413291148820292	0.006698267036859709	0.46422968968445294	0.015677306684063964	0.01	0.25047386229084456	1.0492234074459121
TCGA-13-0801-01	0.1252357583089378	0.11349639705999966	0	0.01985389052901317	0.7414139541020495	0	0.008	0.28763613987559966	1.1942158333328072
TCGA-24-1928-01	0.013492982432322687	0	0.3690925412310581	0	0.6174144763366192	0	0.09	0.08382464264471459	1.2432536154026175
TCGA-36-1569-01	0.10550739253906372	0.3527483593970173	0.04705479028015783	0	0.4946894577837611	0	0.006	0.2941759394430573	1.0291076502886463
TCGA-25-1315-01	0	0	0.7199097505274288	0	0.2800902494725712	0	0.282	0.034685596049463085	1.0922397428879078
TCGA-24-1418-01	0.27167012159660314	0.1912877455147499	0.18626911633480792	0	0.350773016553839	0	0.012	0.22833675110062504	1.021243951197431
TCGA-24-1428-01	0.23280395936314838	0.04292876505311736	0.13367752797308483	0.030126216950338007	0.5604635306603114	0	0.004	0.30291241866888147	1.0664078564384416
TCGA-23-2077-01	0.3231221684968071	0.1443314147215252	0.07977782570019189	0	0.44610342543631293	0.0066651656451628925	0.01	0.25405499570199813	1.0504226219102462
TCGA-09-1669-01	0.21506192315134642	0.12828534800021327	0.10434959017847233	0	0.552303138669968	0	0.008	0.2910581776023468	1.0685843674085846
TCGA-24-1430-01	0.052848136688312425	0	0.7935989503275173	0	0.15355291298417034	0	0.092	0.08164815692265734	1.0485434511323655
TCGA-36-1581-01	0.19064706449356558	0.1982443002021626	0.058516487847865915	0	0.552592147456406	0	0	0.3488481093817075	1.024311360175647
TCGA-29-1776-01	0.29467281011827756	0.38376433729166365	0	0	0.32156285259005873	0	0.01	0.27751594027320037	0.9883106632348791
TCGA-29-1696-01	0.4054702261408208	0.052465402412555893	0.2061979564568965	0	0.3358664149897268	0	0	0.359547103465341	0.9551500531359953
TCGA-13-0913-01	0.40600376159804047	0.2854698658159319	0.16653963236596656	0	0.14198674022006108	0	0.042	0.1277214115964725	1.0299803945686847
TCGA-09-0364-01	0	0	0.8154736805953597	0	0.1845263194046403	0	0.032	0.16150648089596448	1.0229771968060886
TCGA-61-2111-01	0.18005455642258958	0	0.30016022567357276	0.015339350737175982	0.5044458671666617	0	0.016	0.19590975387980664	1.103198623529075
TCGA-36-1571-01	0	0	0.8400062244568319	0	0.15999377554316804	0	0.08	0.08838835882888091	1.0512638549548647
TCGA-24-2020-01	0	0	0.44067591245203286	0.023982290620938145	0.535341796927029	0	0.06	0.10468594789804302	1.1719689448759427
TCGA-20-1687-01	0.24420187901565962	0.19604636097426306	0	0.010544878595303142	0.5492068814147741	0	0.002	0.31992767172681397	1.048547206908388
TCGA-24-2262-01	0.05473148905681668	0.5400693389279448	0	0	0.4051991720152385	0	0.034	0.1443001833163962	1.0762111827009944
TCGA-24-1850-01	0.15379535210288195	0	0.2110724962710804	0.007158906176585684	0.627973245449452	0	0.034	0.15660909950313348	1.2095177451082721
TCGA-25-1313-01	0.08130364839834352	0	0.19835653287826896	0.0188678065201929	0.7014720122031947	0	0.006	0.29695641282236485	1.1521184790169865
TCGA-13-1489-02	0	0.5687412992353691	0	0	0.4115789972393766	0.019679703525254378	0.01	0.2525936774576313	1.0223048265930077
TCGA-29-1694-01	0.07215061507251991	0	0.4358219637595937	0.032718512483399555	0.4593089086844868	0	0.034	0.15251233721516533	1.1001514886212655
TCGA-23-1027-01	0.24893512608572413	0	0.16809769355798512	0	0.5829671803562907	0	0.012	0.23635653705427587	1.1310313750255139
TCGA-59-2355-01	0.18482435691777147	0	0.34785157739931405	0.01344547953211531	0.45387858615079923	0	0.012	0.22407766320575326	1.0599491513849393
TCGA-24-1604-01	0.35610759204399456	0	0.3340952175806877	0	0.3097971903753177	0	0.016	0.20973589761685416	1.0265826536865754
TCGA-25-1319-01	0.24574290528084744	0.3318358283064637	0.035900943606517584	0	0.3865203228061713	0	0.034	0.15843132458605605	1.0694667904882889
TCGA-24-1564-01	0.053541778260849215	0	0.17182994652512398	0.0039001829770644162	0.7707280922369624	0	0.006	0.2980386911050667	1.2036117525634076
TCGA-57-1994-01	0.2534799622676245	0.13835170427724774	0.16029489365880512	0	0.4478734397963227	0	0	0.39651302648830844	0.9508498423217739
TCGA-04-1357-01	0.17581173340626124	0.40871760169025556	0	0	0.4154706649034833	0	0	0.40499548093949994	0.9324335487566532
TCGA-29-1778-01	0.31495971037022163	0.13281712243965935	0.09383738722841005	0.046489309703367294	0.4118964702583416	0	0.012	0.21580110586843837	1.0556971512517872
TCGA-13-0899-01	0.05681527023259498	0.24907534222382222	0.102507989038708	0	0.5916013985048748	0	0.182	0.0530708266067881	1.2432393716508938
TCGA-24-2038-01	0.5772234928998619	0	0.22543398249370375	0	0.19734252460643445	0	0.016	0.20244969032204005	1.0303774104927659
TCGA-13-0800-01	0	0.08085344421467015	0.7245880032846315	0	0.19455855250069834	0	0.144	0.06010829725273062	1.0629222840627395
TCGA-25-2399-01	0.187405376835567	0.2734241203706849	0	0.012672184299143706	0.5264983184946044	0	0.01	0.28302401484950296	1.057221780674487
TCGA-24-1548-01	0.25786338177404944	0	0.3014063764266568	0	0.44073024179929376	0	0.064	0.10217774064161252	1.130885196915117
TCGA-59-A5PD-01	0.12834628908473017	0	0.2604230435204465	0.010898187823894151	0.6003324795709292	0	0.05	0.11594284290682372	1.2145783779627377
TCGA-25-2391-01	0.2741051539332964	0.018134955693409248	0.19293311171527647	0.00418280933389966	0.5106439693241183	0	0	0.34349134932655456	1.0150244234008128
TCGA-29-2428-01	0.10240744224690372	0.22534497216853358	0.020886234709998355	0.012572540362045373	0.638788810512519	0	0.052	0.11433264640734031	1.2420217808051792
TCGA-25-1314-01	0.05195628451472167	0.43280012476520274	0.15780266660037234	0	0.35580763909871815	0.0016332850209850966	0.042	0.13438388796762352	1.0618616494593007
TCGA-25-2393-01	0.13951860350400758	0	0.34955580919614665	0	0.5109255872998458	0	0.042	0.13194893202768143	1.1448035688783536
TCGA-23-2081-01	0.0642081164939867	0	0.599859656503052	0.011354818579129707	0.3245774084238317	0	0.054	0.11118446076202326	1.066854380539014
TCGA-29-1762-01	0	0	0.46930319891527794	0.01840306138520725	0.5122937396995149	0	0.082	0.08606727581307089	1.1691581436638754
TCGA-23-1123-01	0.3207272690049277	0.20931598337684104	0.07791134362035418	0.027780589565212826	0.36426481443266423	0	0.02	0.18891408858851252	1.0511166618665166
TCGA-24-1435-01	0.1505642901608475	0	0.22388709835737997	0.014768513820356035	0.6107800976614165	0	0.01	0.2614233339534598	1.121184076957847
TCGA-24-2026-01	0.299212030263311	0.12601622417525565	0.03562944824529107	0.023567462038666057	0.5155748352774763	0	0.022	0.1784593696328235	1.1329048091878047
TCGA-36-1575-01	0.16341312914158115	0.21037265564506452	0.4920831728758173	0	0.13413104233753698	0	0.09	0.08397076743192759	1.0360871501329916
TCGA-10-0928-01	0.4777857610529994	0	0.41147867665011456	0	0.11073556229688604	0	0.006	0.2946874163817513	0.9658382880017934
TCGA-36-1568-01	0.10920838145460593	0.20896238438468137	0.09769823654475258	0	0.5841309976159601	0	0	0.4007216865445297	0.9955531946369196
TCGA-36-1576-01	0.096437709892402	0.05753287679826525	0.2289265342329016	0	0.6171028790764312	0	0	0.35406215729250345	1.0506270469263843
TCGA-24-1463-01	0.04620020903800552	0	0.33436728286736433	0.008928851141559536	0.6105036569530706	0	0.028	0.16726422569869123	1.182331425126626
TCGA-57-1993-01	0.13307162778243015	0	0.4756268438955502	0	0.39130152832201953	0	0.034	0.14264728466331078	1.0764617217874102
TCGA-24-2036-01	0.046181085642176496	0	0.7162396724770409	0	0.23757924188078258	0	0.082	0.08545830263331211	1.0575646051113552
TCGA-13-1403-01	0.36487204609916357	0	0.3585986641913064	0.030484582787431984	0.24604470692209804	0	0.232	0.04535509566044527	1.0835731316543584
TCGA-09-0369-01	0	0	0.5635236901752023	0	0.4364763098247977	0	0.098	0.07975125254641552	1.131375548460459
TCGA-24-1103-01	0.24809452543901395	0.03599323962164828	0.6263283023452966	0.006877328436439111	0.08270660415760203	0	0.13	0.0686954141220304	1.0424818952799946
TCGA-25-1871-01	0.06508270758464943	0	0.8804633605673339	0	0.05445393184801672	0	0.256	0.03888418411098976	1.0661662383198274
TCGA-23-1029-01	0.14743400348340502	0	0.49086573804323896	0.017989616919072835	0.34371064155428327	0	0.042	0.13272906511191987	1.0625337310711596
TCGA-25-1630-01	0.2132396015163384	0	0.2324498802511871	0.02197865547341743	0.489576337364681	0.04275552539437599	0.006	0.29448053353737097	1.042398696123545
TCGA-25-1634-01	0	0.014325219384067738	0.8224159536140108	0	0.1632588270019215	0	0.034	0.14506132146151454	1.0282266957379425
TCGA-61-1721-01	0.010840183906873005	0	0.4180919827708389	0.010569684012580818	0.5604981493097072	0	0.024	0.1730087142501857	1.144522952267425
TCGA-24-1413-01	0.4584563277516749	0	0.2753549597418388	0	0.26618871250648624	0	0.016	0.2057629201289333	1.027695136784894
TCGA-25-1323-01	0.00791739114737085	0	0.5884815099320344	0	0.4036010989205947	0	0.07	0.0927931895203692	1.10858775298505
TCGA-61-2110-01	0.23867313588687392	0	0.3633108645438377	0	0.3980159995692883	0	0.024	0.1699007081274818	1.0699828687227828
TCGA-61-2109-01	0.3802786287137384	0	0.26433531871401394	0.023433366701495584	0.331952685870752	0	0.01	0.24575133664271584	1.0162116486810242
TCGA-04-1514-01	0	0	0.8761975985295858	0	0.12380240147041427	0	0.108	0.07685646608860486	1.0551365999223756
TCGA-VG-A8LO-01	0.0034406496883454293	0.5008347542790409	0.34650108968126836	0	0.1443384295933282	0.004885076758017065	0.064	0.10254245204818181	1.0344407022846045
TCGA-24-1549-01	0.3627791452645961	0.1477533597420558	0.1221656194269883	0.1710021702677683	0.19629970529859148	0	0	0.3354532284825313	0.9469983022256544
TCGA-29-1784-01	0.1825942337972763	0.1613155624345786	0.031278627152511694	0	0.6248115766156335	0	0	0.40932228147218225	1.0156964501016017
TCGA-13-A5FT-01	0.3330726535492881	0.06048754190215179	0.3523961485305674	0	0.2540436560179927	0	0.034	0.1521699664098285	1.036034363629766
TCGA-61-1736-01	0.1954934529023238	0	0.34962309015449056	0.025570658745853934	0.4293127981973317	0	0.016	0.20809019629589035	1.0585706339066199
TCGA-OY-A56P-01	0.18575337834042013	0	0.7454470252712141	0	0.06879959638836577	0	0.272	0.03598737815974113	1.0567864890279868
TCGA-29-1690-01	0.11037090036381168	0	0.0955584691069796	0.0002	0.7938830834103665	0	0	0.4740789891281138	1.0642373784641341
TCGA-29-1761-01	0.18670723617536114	0.3040896169574807	0	0	0.5092031468671582	0	0.004	0.3002811466142129	1.0364592958753414
TCGA-24-2281-01	0.09478952398666432	0.1407124744259194	0.0597685766412268	0.002215152226614817	0.7025142727195746	0	0	0.4173655724553546	1.0507465478306324
TCGA-61-1738-01	0.21481497949363318	0	0.19543473082573715	0	0.5897502896806297	0	0.02	0.18693652593219	1.1667995089932128
TCGA-25-2400-01	0.344539891345414	0	0.24360637870887392	0	0.4118537299457121	0	0.012	0.23654996160418115	1.0478500993554674
TCGA-61-2098-01	0	0	0.659651477374769	0.018762462596862584	0.3215860600283684	0	0.308	0.030915974621011106	1.1055213043584433
TCGA-59-2363-01	0.04985766461374161	0	0.6137329408778511	0.005983968434014961	0.33042542607439235	0	0.06	0.10539019991545978	1.0722005128628906
TCGA-24-1567-01	0	0.5984417244220349	0.16219705288123534	0	0.2393612226967297	0	0.198	0.04998157882364623	1.0658469444131347
TCGA-61-1918-01	0.32794948867895446	0.0697427000377755	0.10200887117750686	0.021824282272531567	0.4784746578332316	0	0	0.3725089726541259	0.9847782932332741
TCGA-36-1574-01	0.0002	0	0.3832075283188647	0.019248016139408016	0.597359478617809	0	0.014	0.2108537538142857	1.141716458972831
TCGA-24-2023-01	0.10535298507816852	0	0.28932224852567223	0.09401797673421634	0.511306789661943	0	0.046	0.12014466379134714	1.1493954580868857
TCGA-13-1511-01	0.16710875934346947	0	0.5417154260282273	0.037494904767771654	0.2536809098605316	0	0.038	0.13729715016691527	1.0342935542016738
TCGA-25-1318-01	0.08649718881173345	0	0.24055394162827837	0.01729672701559045	0.6556521425443979	0	0.034	0.15639309759986242	1.2252063932794488
TCGA-25-2392-01	0.02001267526688028	0.09117692029517986	0.17207293963091924	0.0012548501003894952	0.6995455336875822	0.015937081019048945	0.016	0.19498068377741265	1.2322910037375143
TCGA-24-1474-01	0.2851788623000432	0	0.2546467321492027	0	0.46017440555075406	0	0.01	0.2622354606938682	1.0474442054212332
TCGA-24-1846-01	0.20602871596690397	0.054699895290960206	0.19340544948896557	0.017975707376216236	0.5278902318769539	0	0.008	0.2879420965857312	1.0565386939605204
TCGA-09-1659-01	0.13840348070608122	0.2801923962070019	0.021591948051145185	0.018929829862093028	0.54067998897488	0.0002	0.024	0.17536152652496428	1.1338211440347437
TCGA-24-2027-01	0.01553767693538383	0	0.7242712211750101	0	0.26019110188960615	0	0.236	0.043325390002928996	1.0821874679916752
TCGA-29-1693-01	0	0	0.37172776344496455	0.04459876055235346	0.5836734760026819	0	0.406	0.01685181057506046	1.2594315996949221
TCGA-20-1682-01	0.056897084688213695	0.03426442777259958	0.2688700570114259	0.012631466599879007	0.6273369639278817	0	0.012	0.2442963970148074	1.1388897482178284
TCGA-09-0366-01	0.1594739231395352	0	0.05034933142510035	0	0.7901767454353644	0	0.01	0.26427721017585515	1.2589550070050286
TCGA-24-1434-01	0.06234824476245627	0	0.18334981440027925	0.010198904548308858	0.7441030362889556	0	0.012	0.23520687638427137	1.2343159025051598
TCGA-61-2003-01	0.2761727687678473	0	0.24065136104006443	0.006276920950834468	0.47689894924125387	0	0.01	0.28016359803225876	1.0427144877180772
TCGA-24-1545-01	0.206996460899085	0.23877384791828105	0.10608422407924614	0	0.4481454671033878	0	0.002	0.32239054200972045	0.996581422972287
TCGA-61-2012-01	0.17655268634373758	0.09826687329197595	0.10816637586390748	0	0.617014064500379	0	0.016	0.2086283104295725	1.166127790222661
TCGA-25-1632-01	0.09641627490279354	0	0.6316534884481952	0	0.2719302366490112	0	0.046	0.117772723513339	1.0490290363014658
TCGA-24-2267-01	0.3387998192315292	0.2889733699540024	0.010703184970344982	0	0.36152362584412345	0	0.002	0.3207431906323974	0.9783566373027113
TCGA-24-2261-01	0.1889148732728899	0.4421248018500272	0	0	0.36896032487708286	0	0	0.3887932450323823	0.9330586009082389
TCGA-25-1316-01	0.204324502543185	0.44840132925235077	0.10643934720344687	0	0.24083482100101736	0	0.024	0.1738924540567664	1.0141257572911446
TCGA-09-1668-01	0.12945557762033966	0.26109647881099574	0.12463186719811205	0	0.4848160763705525	0	0.01	0.2532899235552338	1.0520925285987603
TCGA-29-1770-02	0.12770727881742533	0	0.6370463570638133	0.05379127567241632	0.18145508844634503	0	0.034	0.15995278344785752	1.0141656768973515
TCGA-61-1733-01	0.02613198535874944	0.5930813052269374	0	0	0.38078670941431325	0	0.028	0.16696824924756581	1.0546350310912267
TCGA-3P-A9WA-01	0.014486924250703338	0	0.4596185949225258	0.019013419774245564	0.5068810610525253	0	0.202	0.04928403349438219	1.1873730707878676
TCGA-24-1425-01	0.08926254050647506	0	0.39006032237941307	0.018325629404943557	0.5023515077091684	0	0.016	0.1958515830364194	1.097296546475122
TCGA-29-1691-01	0.23478001964552977	0.15385980626570586	0.2689993767133099	0	0.34236079737545444	0	0	0.35746272215285707	0.947868747282854
TCGA-61-2101-01	0.06267337480336317	0	0.5029016463678397	0.02047318748778467	0.4139517913410124	0	0.11	0.07485661368391794	1.1206821927724224
TCGA-59-2352-01	0.37246917817378344	0.15923788050827664	0.1262796541257899	0	0.34201328719215	0	0.014	0.21312792392304492	1.0359088288247567
TCGA-OY-A56Q-01	0.09712010569020335	0	0.8506781295006334	0	0.05220176480916325	0	0.084	0.0847815688302513	1.046005883131754
TCGA-04-1365-01	0.06920736230767113	0.39196106629303834	0	0	0.5388315713992904	0	0.004	0.31082845852868796	1.0377491495413327
TCGA-24-1563-01	0.0835545662690641	0	0.2915955741597478	0.015172130043860173	0.6096777295273278	0	0.01	0.2516395073770365	1.123273122350011
TCGA-13-0897-01	0.015324909947206481	0	0.416420694343525	0.06345580024697657	0.504798595462292	0	0.034	0.15294740056779374	1.1232487346203441
TCGA-24-2019-01	0.21874921534297553	0.5255225249912254	0	0	0.255728259665799	0	0.034	0.1466463081337027	1.028991754208987
TCGA-36-1578-01	0.2524180503904259	0.34339325486863725	0	0	0.4041886947409368	0	0	0.393658077393018	0.9399734004589086
TCGA-61-2016-01	0.38996680395307387	0.264542063425052	0	0	0.333220901832178	0.01227023078969615	0	0.36389110083292125	0.9511431416849115
TCGA-13-1498-01	0.13428793754076931	0.23965307509480796	0.05333934699752697	0.10704372730392979	0.46567591306296596	0	0.004	0.3163593355485582	1.0046546211567802
TCGA-24-1842-01	0.160749980868646	0.19787793177534266	0.121542586062885	0.035059542421582865	0.4847699588715435	0	0.004	0.31567250118455414	1.013144414526293
TCGA-13-1405-01	0.05494975512584107	0.6749162911386551	0	0	0.2701339537355038	0	0.042	0.13363457748512977	1.0361736235499488
TCGA-24-2298-01	0.00821630728354615	0.5612698303139868	0.009600727605517211	0	0.4209131347969498	0	0.07	0.09315140618259468	1.110693223483127
TCGA-25-1328-01	0.11839167661715884	0.04872895284972147	0.30396743768692436	0.03074262118785087	0.49816931165834455	0	0.016	0.20157851184530928	1.0917937078732363
TCGA-30-1860-01	0.15942230328747187	0.24550927620690502	0	0.09673232724509329	0.4983360932605299	0	0	0.36731343770664876	0.9846551023452306
TCGA-25-1631-01	0.09673347473419006	0	0.40354853076692304	0.0014735150808832507	0.4982444794180037	0	0.064	0.10271135267003262	1.1526755471573031
TCGA-13-0893-01	0.10266107292388969	0.14650258988298556	0.40549101040625424	0.041770177478100495	0.30357514930876994	0	0.01	0.27551039237260766	0.9804798744080805
TCGA-23-1122-01	0.04896022202556979	0	0.40265055382411485	0.022435132094464686	0.5259540920558508	0	0.034	0.1503514019515791	1.1381884288639894
TCGA-13-2060-01	0.21789984051678185	0.2195631643932198	0.0009	0	0.5615964467938541	0	0.004	0.3003546455066074	1.0673323090672964
TCGA-13-0890-01	0.12067629048296992	0	0.2852556806424933	0.016833696939172017	0.5772343319353649	0	0.012	0.22714761362214936	1.1219777504330792
TCGA-59-2350-01	0.1187048977303792	0.4362901002704965	0.11392978141478209	0	0.33107522058434224	0	0.022	0.18052188232672994	1.0313837316953332
TCGA-WR-A838-01	0.2485259064067279	0.11824964692645586	0.5586357693324135	0	0.07458867733440269	0	0.038	0.13807085351388154	1.0169931845845743
TCGA-24-1467-01	0.25228387260784246	0.3342780803186857	0.07418782024121066	0	0.3392502268322612	0	0.022	0.1823447886880737	1.039052626173886
TCGA-09-1673-01	0.31677200825222657	0	0.26398153281463754	0	0.41924645893313583	0	0.016	0.21058111057582166	1.063524082408169
TCGA-24-1544-01	0	0.4004286874982704	0.2406282393333354	0	0.35894307316839424	0	0.536	0.005450827749363007	1.1258916024557473
TCGA-04-1364-01	0.0870907022737049	0	0.8256860723052407	0	0.08722322542105439	0	0.046	0.12597504716331567	1.028919366138996
TCGA-61-2102-01	0	0	0.33857263159691736	0.011310044785334785	0.650117323617748	0	0.046	0.11769259397340223	1.2443700280170993
TCGA-24-1550-01	0.058801389677753585	0	0.24565216657784655	0.010292682456697714	0.6852537612877021	0	0.032	0.16256091913127	1.2423288175951204
TCGA-24-1419-01	0.3332502621344537	0	0.5026560042745067	0	0.1640937335910396	0	0.15	0.057657579317405894	1.0572051271086005
TCGA-24-1849-01	0.0754421433531559	0.25806235682353257	0.06245612384149359	0.01835718413335955	0.5856821918484584	0	0.008	0.2855782552575097	1.0819327007101307
TCGA-25-1320-01	0.0267882072913997	0	0.42806405902374056	0.01943670497267941	0.5257110287121805	0	0.046	0.12449340122163238	1.1539476291425292
TCGA-30-1861-01	0.054844515498285805	0.2024823807806303	0.2757269714764032	0	0.46694613224468073	0	0.13	0.0665516508093916	1.1514543579754055
TCGA-13-1410-01	0.07363934218736125	0	0.36660194967510373	0.044008569410206415	0.5157501387273286	0	0.494	0.009004651053961322	1.2167963765414525
TCGA-25-1627-01	0.17096640107027938	0.2265742398924312	0.055550886908072326	0.00251295177727493	0.5270443150191804	0.017351205332761816	0.04	0.13477891473350995	1.1582369943562387
TCGA-30-1857-01	0.08309955370594206	0.334816964801904	0.03618685223926946	0	0.5458966292528845	0	0.012	0.217322028817986	1.1061260629395075
TCGA-13-0920-01	0.20268583975754653	0	0.5132942682564433	0.018983950263055733	0.26503594172295436	0	0.062	0.10328195880423222	1.052758497177172
TCGA-09-0367-01	0.22169887045975378	0.02448762276438234	0.09203840265773218	0.04405086622195262	0.617724237896179	0	0.01	0.28354217348253863	1.1157504687082487
TCGA-24-1416-01	0.2078528548269801	0	0.24743699209713035	0.011425176942287885	0.5332849761336018	0	0.022	0.17721298448640968	1.1349044938573063
TCGA-24-0975-01	0.03945633754570477	0	0.38500361713410497	0.01853882697354802	0.5570012183466423	0	0.068	0.09747663225212955	1.1911984987811646
TCGA-24-2293-01	0.04973982317925421	0.042812119723349085	0.2633054166913705	0.004509146749411613	0.6396334936566145	0	0.01	0.2530690439819012	1.140515000790133
TCGA-61-1743-01	0.2861509848294784	0	0.4850009584328454	0	0.2288480567376762	0	0.726	-0.0099	1.0944261827798727
TCGA-31-1944-01	0.11602937772961358	0.1917582990458018	0.04854954095081678	0.0012767472626183927	0.6176069728712478	0.024779062139901685	0.016	0.19840426489140703	1.1758770246788297
TCGA-25-1317-01	0.1326715477676351	0	0.515112198230275	0.02475747740919216	0.3274587765928979	0	0.052	0.11335486983481984	1.0656120834689302
TCGA-25-1635-01	0.15093459371393836	0.15661231362151495	0.16276619387064056	0	0.5296868987939062	0	0.01	0.26108745873455025	1.0716937402621238
TCGA-29-A5NZ-01	0	0.06337624787110271	0.6076338334960129	0	0.32898991863288446	0	0.108	0.07614924778575273	1.0867791892298002
TCGA-25-1628-01	0.008964322731385881	0.5616351684536357	0	0	0.42940050881497843	0	0.012	0.22771906423434035	1.0405095844900822
TCGA-24-1553-01	0.28773445595407365	0.45546934063874533	0	0	0.256796203407181	0	0	0.45765683331006957	0.889019937330039
TCGA-61-2092-01	0.4276300301066637	0	0.33550945401645854	0.027076298362358853	0.2097842175145189	0	0.034	0.14399542949679306	1.0386717005774653
TCGA-25-1329-01	0.009670910230258851	0	0.3830324898690043	0	0.6072965999007368	0	0.046	0.12129279625243562	1.2106933069929486
TCGA-24-1844-01	0.15344311752708653	0	0.636496117639784	0	0.21006076483312947	0	0.054	0.11162396989424529	1.0383172854114187
TCGA-24-1603-01	0.4848299753694019	0.034344748753539996	0.14501841553786812	0	0.33580686033919	0	0	0.3281387355011607	0.9820831769399162
TCGA-09-2044-01	0.12903689209650232	0.17182946228693405	0.14117450118731337	0	0.5564393473225199	0.0015197971067303008	0.01	0.28098904161540206	1.071741350190586
TCGA-61-2008-02	0.03732530449505744	0.2972565376504546	0.10631105526330499	0.012160370038364949	0.5469467325528181	0	0.006	0.2953819482422494	1.0518613547557056
TCGA-23-2078-01	0.18576727077700372	0.18868566136731665	0.38026219456791965	0	0.24528487328775994	0	0.054	0.11091057382397676	1.042217293521529
TCGA-20-1683-01	0.18787225112281203	0	0.5179341130366532	0	0.29419363584053476	0	0.18	0.05345012341331572	1.0836769552279544
TCGA-13-1505-01	0.31475354747973494	0.20536656193091446	0.26794352160710766	0	0.2119363689822429	0	0.006	0.2927027302509082	0.9647530561414588
TCGA-24-2254-01	0.2402064886892262	0	0.22353021230317718	0.009901353701417816	0.5263619453061787	0	0.01	0.2484443631444711	1.0864038214911889
TCGA-23-1120-01	0.14081686598805823	0.2820655412991035	0.09272301454592825	0	0.48439457816691	0	0.004	0.3042979547641591	1.0194717070218884
TCGA-24-1546-01	0.1293625503948278	0	0.2746896651629717	0.014486553601936248	0.5814612308402642	0	0.028	0.16891361063095547	1.1654415150487476
TCGA-24-1557-01	0.2439598551775746	0	0.34161104136904985	0.003309051736703497	0.4111200517166722	0	0.034	0.15168132595013892	1.0863202622165438
TCGA-59-2351-01	0.35392982986401056	0.07781745995098112	0.08780882579208693	0.003830430155147226	0.4766134542377742	0	0	0.36699485548008837	0.9908056289265985
TCGA-24-2289-01	0.027712171749310798	0	0.3212816723056834	0.00872862137066433	0.6422775345743416	0	0.016	0.20354253510973147	1.17837001852373
TCGA-13-1481-01	0.20957734599310748	0	0.43424683278295195	0.022488399690027423	0.33368742153391323	0	0.042	0.12872555428912877	1.0628910970013898
TCGA-25-2397-01	0.002521985379401628	0	0.5415584338097874	0.012038894778273319	0.4438806860325376	0	0.042	0.13469201747010942	1.103884067392419
TCGA-09-2045-01	0	0.6987599959454933	0	0	0.3012400040545066	0	0.068	0.0959596203228805	1.0625226675290607
TCGA-24-2290-01	0.1684939689306766	0	0.20346416860966077	0.015265766745335934	0.6127760957143267	0	0.01	0.25410085243278796	1.1294365492332534
TCGA-61-2000-01	0.23621037303997405	0	0.2629381905244405	0.08968203413877682	0.4111694022968087	0	0	0.37899359096988067	0.9508442037991424
TCGA-09-2048-01	0	0	0.4455483899118611	0	0.5544516100881389	0	0.068	0.09756926719313136	1.1896673982021497
TCGA-61-1907-01	0.11653835266038987	0.2682814298517343	0	0	0.6151802174878759	0	0	0.37827305126673694	1.030685562203762
TCGA-23-1111-01	0	0.36351420210950863	0.4592972042329132	0	0.1392187350598556	0.037969858597722575	0.624	-0.0014	1.0727184214522802
TCGA-31-1959-01	0.09119235722931904	0	0.28156478254219264	0.029475431365312693	0.5977674288631756	0	0.01	0.2752600138747316	1.0985507857017862
TCGA-24-1560-01	0.3095073030508635	0.023677836690437125	0.36178134841617865	0	0.30503351184252075	0	0.034	0.14140769750711113	1.054295742629286
TCGA-29-1783-01	0.12811664352753196	0.18911398671350405	0.11523851241724842	0	0.5675308573417156	0	0.022	0.1785837859561135	1.148572093969816
TCGA-59-2348-01	0.01193246571686305	0.6404524429703543	0	0	0.3476150913127826	0	0.016	0.2006083510492703	1.026902237020901
TCGA-24-1424-01	0	0	0.43901641769883104	0	0.5609835823011688	0	0.05	0.11586963072082561	1.1823432711527886
TCGA-13-1507-01	0.012089009678223812	0.2871384634752976	0	0.0022212942101717576	0.6985512326363068	0	0.056	0.1069435080842149	1.2900828418960564
TCGA-25-2404-01	0.02447491116298198	0.3575455374664942	0	0	0.6179795513705238	0	0.012	0.23011067923586548	1.1405727910387236
TCGA-61-2095-01	0.058816942617475894	0	0.34072675266435354	0.14267999175346996	0.4577763129647006	0	0.01	0.278179971024167	1.0245947467568013
TCGA-29-1702-01	0.27113911698641086	0	0.4432662910590908	0	0.2855945919544983	0	0.068	0.0962211785186259	1.066174851287991
TCGA-24-1417-01	0.06672370130805366	0.006843041655811735	0.2700818201534812	0.07697067928908544	0.579380757593568	0	0.016	0.203829439110555	1.1362853002187214
TCGA-57-1585-01	0.05869355288137909	0	0.3732511349489366	0.0029214933375495593	0.5651338188321349	0	0.01	0.2550993457446953	1.0927007899929646
