Input Sample	B cells naive	B cells memory	Plasma cells	T cells CD8	T cells CD4 naive	T cells CD4 memory resting	T cells CD4 memory activated	T cells follicular helper	T cells regulatory (Tregs)	T cells gamma delta	NK cells resting	NK cells activated	Monocytes	Macrophages M0	Macrophages M1	Macrophages M2	Dendritic cells resting	Dendritic cells activated	Mast cells resting	Mast cells activated	Eosinophils	Neutrophils	P-value	Pearson Correlation	RMSE
TCGA-61-1910-01	0	0.00538310494580827	0.0009	0	0	0.19803835230008884	0	0.0780296673337744	0.09241390914747148	0	0.0638799993168421	0	0	0.26651622854596096	0.03325898230637275	0.21777474817069867	0	0.01020511661454876	0	0.03358653288647038	0	0	0.26	0.07632343136577957	1.0790690766799669
TCGA-61-1728-01	0	0.007302419945588106	0.018332544193406117	0	0	0.28332676889235	0	0.030880124335877092	0.07909059446570697	0	0.03263758677605697	0.004509762541199353	0	0.4012928483490312	0.0012090645790140166	0.1377755514849733	0	0	0.003642734436796928	0	0	0	0.04	0.1627514993300197	1.058735342203966
TCGA-09-1666-01	0.0984461989497934	0	0.017631972207275415	0.08237078358338332	0	0.1170410925339197	0	0.06978345862789934	0.026947037479089723	0	0.03310853111741464	0	0	0.11870655241330576	0.13703072211714934	0.23426396206942562	0	0.04328316164335744	0.021386527257986346	0	0	0	0.04	0.16812400565822092	1.028501063258432
TCGA-24-1469-01	0.09854777868607185	0	0.10185625749374223	0.02315610964492465	0	0.1634102268757753	0	0.04435624809036147	0.053899190802860764	0	0.016524092873974897	0.025056396239975305	0	0.2705678942799506	0.09249071624547606	0.09981160897645924	0	0	0.010323479790427614	0	0	0	0.09	0.12394253273669481	1.0428377023463333
TCGA-04-1348-01	0.0016550814204760033	0.002115573010773078	0.00854035079247496	0.05985724172225305	0	0.08577898795336636	0	0.1305407423508736	0.051230934080904865	0	0.018998907858501272	0.030455841577220383	0.05774073673592411	0.31381265488768983	0.07417395941878892	0.14474054480360235	0	0	0	0.020358443387151315	0	0	0.01	0.2802347451044102	0.9838183270682248
TCGA-61-1917-01	0.019110953592742803	0	0.038801339935183844	0.03552174933006192	0	0.16782709323271727	0	0.028154360405975777	0.051422471179274246	0	0.021889681201749507	0.026464323615521188	0.024952745453282733	0.27706515707584617	0.08475629532360258	0.22403382965404195	0	0	0	0	0	0	0.01	0.281426989709743	0.982200445755242
TCGA-61-2009-01	0.0005	0.0027454033119118817	0	0	0	0.24042933187544652	0	0.019434490292840716	0.04020504061503386	0	0.014259132656667978	0.005352018685545835	0.04404465318432	0.09880198451657547	0.09866332805589224	0.30498331639177195	0.006865972603757374	0	0.12367230909773425	0	0	0	0.04	0.18251164107399317	1.0174087887761816
TCGA-31-1950-01	0.07189034417308644	0	0.14697381603014795	0	0	0.13605179738118425	0	0.14924700024244134	0.009692981167106962	0	0	0.03603870402393944	0.030730244283838203	0.019792884381411035	0.14233662344833595	0.1395929927550087	0	0.054736752607482876	0.06291585950601689	0	0	0	0.3	0.06198310988396865	1.0582133192685377
TCGA-31-1951-01	0.0016676160530234023	0	0.06451096385246764	0	0	0.31400058397521763	0	0.07042462608716334	0.046456445944516846	0	0.06270448871531192	0.015236489261459025	0.024541135995705468	0.1646041323236391	0.10309719698181352	0.043942963092735314	0	0	0.08881335771694679	0	0	0	0.12	0.11247988047856683	1.0452527325883165
TCGA-61-1995-01	0.009642983087232949	0	0	0.05138868546895469	0	0.2120262738403744	0	0.03737601651079747	0.10377659279004597	0	0	0.03578315030153259	0.03159879334334391	0.04024393762676638	0.0515228890387244	0.40308266323255104	0	0	0.02355801475967621	0	0	0	0.22	0.08782321769016202	1.0646074169699573
TCGA-24-2297-01	0.09793188998051645	0	0.16052188875627488	0	0	0.2155579719042736	0	0.0952046776962302	0.02020791358424622	0	0	0.04462439641166535	0.03403908068884028	0.07134294151039271	0.009078592551780156	0.14030336460086432	0	0.11118728231491586	0	0	0	0	0.58	0.01828411493239351	1.0632498593474604
TCGA-24-1555-01	0	0.003025582079469207	0.03577047563631212	0	0	0.3009598955827803	0	0.05059442449383222	0.12465865646570665	0	0.04708474071192886	0	0.039252577175645835	0.31356649051392793	0.0071149267198543555	0	0	0	0.06713141541307224	0	0	0.010840815207470258	0.15	0.10159851118644454	1.0633031681192342
TCGA-25-1322-01	0	0	0.05727546705453497	0	0	0.30705314180157606	0	0.07763894035207387	0	0	0.023487522642599873	0.06002225778230747	0.02337262865620122	0.004522242186424506	0.006425089822653307	0.26939184119712783	0	0.1166870694686485	0.05311335186603219	0	0	0.0010104471698201918	0.34	0.050149563272415744	1.0657660846495258
TCGA-24-1427-01	0.008233005260166003	0.017812527997613688	0.040880139169389554	0.10371378622505388	0	0.19877713627099078	0	0.06907758427083412	0.06862593365912982	0	0.029555720802220305	0	0.024101638927801778	0.006481512163893558	0.03274469658316041	0.34993438242241665	0	0.0040117635830304345	0.046050172664299026	0	0	0	0.29	0.07121370948439869	1.0603016340171296
TCGA-29-1698-01	0.0725542931897794	0	0.09816130026226039	0.03203176290766995	0	0.14057851990390763	0	0.06519119990805516	0.09153836491247373	0	0	0.04504972546631813	0.028424351223503647	0.06665028564145123	0.0805690835413658	0.2596180388834428	0	0	0.0196330741597721	0	0	0	0.46	0.03579015897011133	1.0653986143555412
TCGA-23-1023-01	0.045593701971567285	0	0.013605361010653906	0	0	0.23475394256736928	0	0.13273726078236148	0.04428192520056434	0	0.019773659120300408	0.028127872530820854	0.029797980891937997	0.18026197350534773	0.15023051958545386	0.08156822004859193	0	0.00551346126410636	0.03375412152092458	0	0	0	0.07	0.13380197580194	1.046907607005037
TCGA-13-0924-01	0.039038088142588405	0	0.04012041978369898	0.17447584813626185	0	0.08728214389787597	0	0.08277483005134083	0.08454913355937418	0	0	0.041914973107526544	0.04769998392742994	0.053469481372956006	0.06639821251403961	0.23356524959660943	0	0	0	0.04871163591029829	0	0	0.04	0.1922608303179176	1.0105781093551036
TCGA-24-1847-01	0.056869202294319944	0	0.04499683700535409	0.16621287732130155	0	0.19525928031377598	0.005371226884561855	0.03146552942418406	0.07425704036532695	0	0.033410685800118044	0.0014540803172771572	0.02474459619279755	0.05319953294149941	0.11862899446127481	0.17404712765426872	0	0	0.020082989023939887	0	0	0	0.01	0.23941456733925912	0.9938639215882024
TCGA-24-1843-01	0	0.006845780837271371	0.09954177083276146	0.0877959732134619	0	0.10457697913369511	0	0.00921646272552935	0.05196887617980088	0	0	0.024815843058939187	0.004032809789483002	0.3806481391156712	0.03698181972755593	0.1935755453858307	0	0	0	0	0	0	0.01	0.3735132142472115	0.9400159429718475
TCGA-25-1321-01	0	0.01024708251893063	0.020349982765412125	0	0	0.3222769890952108	0	0.08673353252210857	0.07737985799106442	0	0.017292576909971855	0.025896970235569423	0.07042183331595787	0.18087011375647627	0.011963209251321754	0.02655721189384031	0	0.004165966963805911	0.138201421132824	0	0.007643251647506084	0	0.33	0.055374683521277814	1.0695322184447416
TCGA-30-1891-01	0.050876861661813655	0	0.07394462090455069	0.11055384878006838	0	0.15444123377085192	0	0.01037028788887221	0.03382991648168756	0	0.026188313756630412	0	0	0.14583567445399054	0.04936484097596453	0.307161797013813	0	0	0	0.014797985494426234	0	0.022634618817330837	0.15	0.10220447561400517	1.0510020411932113
TCGA-25-1326-01	0.009618284286890528	0	0.0572961154206323	0.011311475788053079	0	0.26314726011948825	0	0.030463724966565287	0.056134738426759596	0	0	0.04776716871958832	0.020847047544229093	0.11786872167147325	0.09292736830832903	0.2687342113836873	0	0	0.020325616722204745	0	0	0.003558266642099315	0.04	0.15806998588769108	1.0277043089826736
TCGA-29-2414-01	0.19324327993779267	0	0.16627326330243677	0	0	0.115620073446646	0	0.04635195545632749	0.03876084376359583	0	0	0.016501546498478313	0	0.298942381895014	0	0.05829522082183233	0	0	0.06601143487787663	0	0	0	0.3	0.059305232549477144	1.0637548087231412
TCGA-09-1670-01	0	0.0019887463168043267	0.0035669854125005016	0.06309379894780193	0	0.1942523239643196	0	0.03257145700573902	0.03980887027141071	0	0.007367137119103619	0.009654155094050494	0.04534746899902852	0.026196539806430517	0.03740398048987853	0.3759022104569249	0	0	0.16284632611600736	0	0	0	0.3	0.060363551756965374	1.066813299685493
TCGA-24-2033-01	0.17749237595295617	0	0.08470327244192083	0.1882989631432074	0	0.11965121611856765	0	0.07782475140105596	0.06270746362286739	0	0	0	0.0280136452753765	0.22618946605165544	0.002487407517749361	0.027041929356422748	0	0	0	0	0.004622991852440597	0.001	0.34	0.05231499655200859	1.0763236911357115
TCGA-29-2414-02	0.04216287850716871	0	0	0.09223214454310251	0	0	0	0.16914830097600939	0.016207218613306935	0	0.005546142592820756	0.06329125366368499	0.0012625909907485384	0.18697985720048932	0.1255315266054345	0.17056877199782272	0.014297065683902762	0	0.11277224862550883	0	0	0	0.03	0.19717167245524475	1.0144349118928295
TCGA-61-1741-01	0.10607612379756153	0	0.14674646561292853	0.024310482436110906	0	0.056277846267012696	0	0.09208753325458223	0.04897963677727073	0	0.004470665402987394	0.0040959247512923095	0	0.26914007441124177	0.0904167702313739	0.15513736405435252	0	0	0.002261113003285522	0	0	0	0.2	0.0899077678019457	1.0571046542677698
TCGA-31-1953-01	0.014637429811629311	0	0.0005	0.051410107379050635	0	0.11644223637853213	0	0.03716047354891539	0.05004076855360368	0	0.0242797876565	0.030475950883509496	0.03427753137130306	0.2553148313140511	0.07721701254677088	0.2741047897246057	0.013654920410327289	0	0.02046453543795863	0	0	0	0.01	0.3330782787539856	0.9569389521894983
TCGA-30-1855-01	0.05768652247499004	0	0.004435859343609231	0.07007921431181716	0	0.16485077418161073	0	0.06233663282098146	0.09854330763249673	0	0.010953274688023991	0.018269724100628215	0.021123404969255678	0.14799603484609897	0.0816837794746307	0.2506243858592229	0	0	0.011417085296634195	0	0	0	0.08	0.12575155297235865	1.044380393166311
TCGA-25-1324-01	0.006067969681881456	0.029354105362142238	0.04113066239297765	0	0	0.2080034150268651	0	0.1991059387407576	0.037252811077044	0	0.07814626230634408	0	0.05760778016912268	0.1523450930936933	0.049925329225181836	0.030163129331242395	0	0.04827460901254842	0.06262289458019925	0	0	0	0.68	0.00911053884210618	1.0820931702160983
TCGA-09-2056-01	0	0.00433504018370164	0.04883398957489048	0.05214652498851562	0	0.1800904548585144	0	0.0369685256728492	0.05544805842081905	0	0	0.03132345043831598	0.016944865538388042	0.039741665678188105	0.05390926264174118	0.31795710282260753	0.006615786656272093	0.024169596589342326	0	0.12835221965316795	0.001	0.0021857250644960373	0.29	0.06775323569849517	1.065916490755426
TCGA-29-1701-01	0	0.012867321299621556	0.027703881623520343	0.03634998528194365	0	0.21657683436383396	0	0.05728166258228531	0.013701748596657827	0.04570017896478666	0	0.04090709430450845	0.02610084655805253	0	0.11590753721323156	0.3069255341881826	0.0008	0.0001	0.09916386454855396	0	0	0	0.05	0.1550917789619464	1.0279137735895152
TCGA-25-1633-01	0.08616499031182752	0	0	0.1403751449143383	0	0.1715639879561246	0.011392898054306417	0.07813858429296874	0.06420957559954282	0	0.02629908546903608	0	0.029983143648050166	0	0.07579954109668077	0.29206997202791146	0	0.0014684194101596776	0	0.013243155684514172	0	0.00929150153453925	0.13	0.1108442023463373	1.0491489849637476
TCGA-25-2396-01	0	0	0.05843969245788786	0.06155083489703098	0	0.2754373089473915	0	0.07686657219966554	0.09098902214174999	0	0.02906754799143849	0.003622804664196207	0.031185589917472903	0.10767916280341401	0.12343509479808774	0.0946715107718699	0	0	0.04705485840979487	0	0	0	0.11	0.12139372814279233	1.0461039298303714
TCGA-61-1914-01	0.030826417691761573	0	0.11869575088420842	0	0	0.062042225606403295	0	0.08286500232547163	0	0	0	0.03756998486965847	0.03158278104809771	0.035923042601046	0.17023101648685815	0.3844133014238801	0	0.008575568804208874	0	0.03334730778532632	0	0.0039276004730794244	0.04	0.18383946687351282	1.029176356271279
TCGA-61-2094-01	0.01586413434964837	0.002360035214335405	0.05876212496468532	0.13407691816381487	0	0.1976678487830767	0	0.045194032389037964	0.08827483962815617	0	0.042239385228475236	0	0	0.1299831922712227	0.10578080247928502	0.17979668652826225	0	0	0	0	0	0	0.01	0.2755976017247404	0.9782827120533992
TCGA-29-1705-01	0.06228224065190529	0	0.008030759319345136	0.015169997728511148	0	0.2086462943963969	0	0.007719810843528285	0.03162202186120542	0	0.026780643839967	0	0.0008	0.26908419105181	0.05559781923267831	0.3078943134756713	0	0	0	0.006362851170688526	0	0	0.07	0.13072084448591026	1.0615492037196073
TCGA-36-1580-01	0.014279996847587661	0	0	0.0943047017244703	0	0.1608213030798937	0	0.028510535342105448	0.07824955843360829	0	0	0.04217272542659742	0.01940073060752934	0.2889832018132167	0.06283681942454979	0.18738155376624308	0	0	0.023058873534198318	0	0	0	0.05	0.1555340346551773	1.0444413920022426
TCGA-25-2401-01	0.027465793022802724	0	0.014756143166543549	0.014828563398341552	0	0.17216795872819798	0	0.056672235611286786	0.03947926022671331	0	0.01191849730230542	0.013792758731436662	0.0596463650858775	0.06385130597047758	0.11605516835376771	0.3828646225820433	0	0.011788525077708849	0.00585816752212288	0	0	0.008854635220374194	0.01	0.23467310392004362	1.0006479847330103
TCGA-5X-AA5U-01	0	0.001549021795911385	0.05233512098878466	0	0	0.29456274441962704	0	0.10795612163099527	0.008387186600882505	0	0.033641150843252275	0.024893718264274712	0.005948527454856629	0.40609213534978383	0	0.0005	0	0	0.035661795959365396	0	0.028427437253037008	0	0.26	0.08137313241834675	1.0886228070720387
TCGA-13-0916-01	0.06393445446467455	0	0.028697468697866133	0.0716026473252967	0	0.07163808882109743	0	0.12817725267474236	0.06467672806197594	0	0.004495175388956259	0.00890140296240694	0	0.25081110687598884	0.17174706843389753	0.11938947899796068	0	0	0.015929127295136507	0	0	0	0.01	0.23147631989008471	1.009259349812212
TCGA-23-2084-01	0.06267977891990015	0	0.0881009740555622	0.025538523426996237	0	0.12340451938003488	0	0.040065081426926226	0.030394102907307093	0	0.022986321252935756	0.023088632293116928	0.1458999801582584	0	0.0670816211190892	0.2403890518934512	0	0.10551108542711757	0.020587237746704627	0	0	0.004273089992599535	0.29	0.06812230564064177	1.05215790339429
TCGA-36-1577-01	0	0	0.03969311392700059	0.1647214147306478	0	0.051868615066599004	0	0.016472462009740698	0.05604958136792178	0	0.04236477164219833	0.05506046972796469	0.13081198113672993	0.40569440264012635	0	0	0	0	0.031015284366459877	0	0.006247903384610928	0	0.58	0.01883140071749471	1.1196818405601672
TCGA-24-1551-01	0	0.008527045451320553	0.04443327488799512	0.059006741619723226	0	0.1228859328855891	0	0.005832219712223396	0.0973029962679832	0	0.013236388680660342	0.03977192993709484	0.05120071732335546	0.2744348569675579	0.06420665341601854	0.186306111224367	0	0	0.03285513162611132	0	0	0	0.01	0.29880241749337993	0.9692247661282216
TCGA-61-1998-01	0.028995732556189993	0	0	0	0	0.07336277248160582	0	0.003934619410233884	0.03017327448160035	0	0.0015605936873025897	0.021309766310227688	0.02382857671111626	0.5033791505135091	0.023239495789643475	0.2684385513358493	0	0	0.021777466722721458	0	0	0	0.01	0.28452049613248726	1.0291589364355642
TCGA-20-1684-01	0	0	0.067772207211584	0.11038602126688755	0	0.07132346766746163	0	0.10660653634572155	0.05816963008580716	0	0	0.0392576115092859	0.025112298310043107	0.2480905566483863	0.07343103923769874	0.08423702604980962	0	0.01725616649067246	0.09680274385897648	0	0	0.001554695317665532	0.33	0.05639710781822826	1.0675263471197531
TCGA-24-1556-01	0.07532305626701508	0	0.045999064252653064	0.06948245137656936	0	0.09823558460200164	0	0.044276608067672175	0.06023477176186374	0	0.04754845806462399	0.003857888216282412	0.01437449039929625	0.13697599151476883	0.0878107844040212	0.22617619355968388	0	0.07992865906582576	0.009775998447722645	0	0	0	0.12	0.11469178737888354	1.0447209397936656
TCGA-57-1582-01	0.07480914021867442	0	0.19602704795435189	0.029917716404829528	0	0.16869944406326337	0.0017218543871457053	0.049516322835884856	0.03946474422166936	0	0	0	0.02933860613030268	0.07861136726148332	0.07564048606931474	0.24673987109766246	0	0	0.009509278138878294	0	0	0	0.29	0.06388600276328231	1.0471389706068104
TCGA-04-1362-01	0.0770068436637648	0	0.024541700650347685	0	0	0.25077224103475304	0	0.05611251596809526	0	0	0	0.0677287479448031	0.08421172282760916	0	0.02076314206855808	0.30313965741481763	0	0.11376690516161941	0	0.0019565232656318233	0	0	0.47	0.0331510498401472	1.074838588356674
TCGA-61-2113-01	0.04561060210470537	0	0.061535220298225654	0.031542868526200495	0	0.16285766744821997	0	0.09652894887136552	0	0	0.028532907998353802	0.0030677253088818683	0.013475218006645308	0.1117669743218222	0.10602731991518993	0.24903714562625112	0	0.0894132579987999	0	0.0006	0	0	0.18	0.09512737046097859	1.0569404724313756
TCGA-24-1924-01	0.04872854947549997	0	0.045068022930384734	0.12359524890396187	0	0.15073990407325463	0	0.1118022686775142	0.001	0	0.00797112107252313	0.018367539582599166	0.037942535844059294	0	0.17028937782293593	0.26761936845929996	0.0022409556550906868	0	0	0	0	0.014649300194673103	0.02	0.20902155196303462	1.0138753798885578
TCGA-31-1946-01	0	0	0.02550885472535384	0	0	0.10375692362191762	0	0.0621220060214999	0.060088462799312244	0	0.007316018799025477	0.005463801249158542	0	0.44060268697040533	0.04683581111615782	0.21176282020751536	0	0	0.03654261448965393	0	0	0	0.01	0.2815437095882359	1.0047865951248
TCGA-29-1699-01	0.04422590570960723	0	0.056151397981702156	0	0	0.07609465267505118	0	0.0541989727985444	0.03109203324504219	0	0.06675116277107898	0.010342783531689059	0.024572862117892502	0	0.11232992109677038	0.38060009587384747	0	0.07693527915367467	0.06353002139507771	0	0	0.0031749116500221514	0.04	0.18395072541013568	1.0177304198838886
TCGA-61-2002-01	0.003674837315403657	0.00648091914073056	0	0.010209492971103048	0	0.27744299111550647	0	0.07391732718227938	0.0739342566852075	0	0	0.07496649732469961	0.02743154058606594	0.1306341891972763	0.12012109543470097	0.12448104121628728	0.006569505123106955	0	0.07013630670763239	0	0	0	0.01	0.22800121639171866	1.0008814003855264
TCGA-24-2035-01	0.0728709147655029	0	0	0.05536837624046127	0	0.15077257606697994	0	0.04044430050093552	0.014152384840071716	0	0.02971587446488363	0	0.06245977241017507	0	0.06113274361938215	0.4419780838376809	0	0	0.053849599920702255	0	0	0.017255373333224657	0.08	0.12831248986174199	1.0421469760174207
TCGA-09-1674-01	0.2724738014642061	0	0.1875941589989665	0	0.016320058224880113	0.05659680041826267	0	0.06505448355931155	0	0	0	0.036231732005260434	0	0.30237004669600936	0	0.028390449207058785	0	0.003652767673552916	0	0.03131570175249159	0	0	0.87	-0.0139	1.10262696208548
TCGA-29-1710-01	0.031075595390395217	0	0.023347395044753545	0.083092707244573	0	0.18446879641360966	0	0.031147582710868798	0.08390740104918745	0	0	0.06975477642122331	0.012475468912691986	0.09324089772748899	0.029591223330392175	0.3060592110009818	0.025557412708176755	0	0.025068877981806507	0	0	0.0012126540638508045	0.02	0.20794331138229866	1.0066322883268397
TCGA-24-1436-01	0.04264490734919581	0	0.05485579009654351	0	0	0.19820692430728	0	0.0832271319813574	0.029459879422810104	0	0.04044921835294155	0.024340377743491664	0.04648047731575011	0	0.014883916958459429	0.23572161215744136	0	0.1768868426733421	0.05206768100882158	0	0	0.0008	0.12	0.11725078560689642	1.0341416339720446
TCGA-13-1497-01	0.00830710608734552	0	0.19079307027241385	0.011929145624332463	0	0.1967729789132662	0	0.11101313380810539	0.018960622920920822	0	0	0.045939989954934334	0.01899511496882892	0.17633937067009633	0.10710443483013804	0.1073433881857275	0	0.001	0.005531500429646358	0	0	0	0.04	0.15770062236519428	1.020047606371948
TCGA-24-2271-01	0.10365942706142196	0	0.02190979105210404	0.038296070740390147	0	0.2845881321394181	0	0.11534595660247109	0.09132490083797823	0	0.030156034845104932	0.017000269720209918	0.04836532354090868	0.07318268439202419	0.08245291753049408	0.07494869079993413	0	0.001486590520488427	0	0.017283210217052074	0	0	0.18	0.09502862316138988	1.0597614165433955
TCGA-24-1552-01	0.14094787274519974	0	0.18622230715749055	0.024288788233999457	0	0.1153876261945631	0	0.031089175037655837	0.0222222060537351	0	0	0.013822645213482332	0	0.1867092339419201	0.04907648184756029	0.21117607642741615	0	0	0	0.019057587146977355	0	0	0.4	0.04193405585233809	1.0632152717550698
TCGA-61-1724-01	0.084765344617394	0	0.08858932238751288	0.022435411914037428	0	0.13999484968989845	0	0.032631194896131664	0.04913832429809405	0	0.04814987945968708	0.0027862981359024356	0.016340320914295978	0.1831351556317116	0.0944828678989393	0.21707044590101457	0	0	0.020480584255380564	0	0	0	0.17	0.09590023229584566	1.0489234523768458
TCGA-20-1685-01	0.020255487247422207	0	0	0	0	0.18758521403282122	0	0.03723673656959229	0.04041231221349909	0	0.03585288060897908	0	0.015649332868743218	0.116328998702242	0.06559259532734804	0.4600140706971864	0.002466231585988816	0	0	0.018606140146177615	0	0	0.04	0.18973055878566344	1.029990878691966
TCGA-24-1423-01	0	0	0.10151304550829532	0	0	0.12138875541022888	0	0.13532935049967887	0.03424335231233496	0	0	0.06748804260138978	0.036962095100080444	0.20338532565228445	0.0842191185546228	0.032433580977924835	0	0	0.17957181143048098	0	0.0034655219526787072	0	0.29	0.06837480760594972	1.0555587947238925
TCGA-25-2398-01	0.0025324375234379417	0	0	0	0	0.10182809805394898	0	0.03756857623250597	0.025038895512921704	0	0	0.062474427504793095	0	0.5510064848337035	0.035600623340404806	0.15995942762775472	0	0	0.023991029370529337	0	0	0	0.02	0.2049380974530681	1.0761960667358927
TCGA-29-1763-01	0.08409127973399454	0	0.09580569620492156	0	0	0.1293887080426744	0	0.04788985828201453	0.0150944779829645	0	0.00689891145974146	0.013943190510839905	0.02210111536973735	0.0503644497272171	0.05891976272276997	0.4151628655994596	0	0.05205994444007383	0.004663799711413807	0	0	0.0036159402121774733	0.3	0.061431339327166344	1.0674795750692163
TCGA-29-1703-01	0.030696297930727534	0	0.058668016193597926	0	0	0.22951103316920032	0	0.0743667034450827	0.035762558525865774	0	0	0.06099613735566633	0	0.18890411370542412	0.06730371100809403	0.24511471142651112	0	0.00742695819907084	0.0012497590407593202	0	0	0	0.29	0.06521764617679836	1.0714525106999482
TCGA-10-0936-01	0.07140984634218361	0	0.12293756620003082	0.10595035561652726	0	0.17219185248329777	0	0.12944805750471558	0.083357294171666	0	0.05500613346818306	0	0.019002486694367715	0	0.07444694535388778	0.1345200689958931	0	0.02113029479778034	0	0.010599098371466942	0	0	0.3	0.059302048231617915	1.0647785306969777
TCGA-25-2409-01	0.0017540873467699132	0	0	0.02970619104548647	0	0.23705412795913638	0	0.04738331263307816	0.07505508414500901	0	0.02246793160315899	0.04392046596704525	0.034119181533607434	0.11590684570449025	0.072203631884626	0.2287542578532573	0	0	0.09164089907427754	0	0	0	0.15	0.10097101333228627	1.049873873113457
TCGA-30-1718-01	0.10282367970311487	0	0.053884439426081086	0.07867879555135292	0	0.15700363377349302	0	0.05048298657437402	0.052775694811004935	0	0.03040167927202884	0.0020485031483779546	0.03497249812482836	0.010812290724524538	0.05217359608839029	0.2910839264549224	0	0.07144477090514988	0.010112356561317558	0	0	0.001301148881039322	0.29	0.06845733001969836	1.0548228949050185
TCGA-29-1711-01	0.0020988469570008186	0	0.00947755385630813	0.09145746601545857	0	0.18819964580252074	0	0.09773772556505077	0.04693406766405919	0	0	0.06135983733721006	0.03447416388394044	0.07174387697878912	0.1603572237785107	0.1376090299164771	0.006638969496836328	0.0001	0.09179961174886048	0	0	0	0.09	0.12485246188335133	1.051403884103998
TCGA-61-2008-01	0	0	0.13827758997146414	0.02700583890483482	0	0.27613502271329915	0	0.07122088906440792	0	0	0	0.024194168644737904	0.019851732724527227	0	0.09785659357859813	0.34545816439813076	0	0	0	0	0	0	0.29	0.070221010581556	1.0601373321629544
TCGA-61-1740-01	0.023323519752559838	0	0.043013278918572886	0.04121109630461847	0	0.23968829926536828	0	0.07659228438348493	0.03554934029645452	0	0.03358652057710561	0	0.013061708790447256	0.0531399476644466	0.16553998218515592	0.2672565771126441	0	0	0.00803744474914166	0	0	0	0.01	0.27999584664729243	0.9793919310135147
TCGA-29-1785-01	0.004706008824304004	0	0.0036875325943726625	0.09657690204970733	0	0.15403360458653792	0.002883345999171238	0.034339135743841086	0.08403496650251134	0	0.003513480796912802	0.05779295808957137	0.012412119239830247	0.012476673676256985	0.137447437964406	0.2779798373667832	0	0	0.11811599656579382	0	0	0	0.01	0.25254522456575035	0.9892066718757999
TCGA-13-1506-01	0.10080033218652898	0	0.06338136748587703	0	0	0.29586624355699054	0	0.07935947578929503	0.01808387173281656	0.008025947836194423	0	0.034055600015413585	0.07070486493445895	0.13026571662188194	0.0684502692935638	0.012417788833372367	0	0.06541188752111392	0	0.0497928481181951	0.0033837860742977166	0	0.26	0.07858335758594877	1.0549155281677856
TCGA-29-1781-01	0	0.0007	0.12026906625876825	0.08357108377546085	0	0.05565027294997557	0	0.06196236283192377	0.07107937250816909	0	0.004800311952735926	0	0	0.24114031079336315	0.10697478527440492	0.22429534272804502	0.002242633942446862	0	0.027283853969881044	0	0	0	0.01	0.3535995189117123	0.9412251152564151
TCGA-36-1570-01	0.06180277275474232	0	0.07769499649560753	0.00535629031494971	0	0.16293436374806797	0	0.04228810028202898	0.028529853211252208	0	0	0.04116859393990714	0.053111814548922165	0.025805118944740843	0.07567825355427538	0.35397721607146326	0	0.07161947478171445	0	0	0	0	0.29	0.06999393013489161	1.0609740548937119
TCGA-24-1930-01	0.03970594514154709	0	0.039349444066694626	0.012946644904858612	0	0.2118285447220496	0	0.049894164646449246	0.04404095200198519	0	0.04078928790866629	0	0.01132349012934245	0.07949684051968837	0.07635504658783954	0.39328255716729255	0	0	0	0	0	0.001	0.04	0.1727579483696402	1.0250748396886298
TCGA-13-0799-01	0	0	0.20764219736599612	0	0	0.07994619225790124	0	0.21507634079881893	0.031213540673096753	0	0.051770619512148765	0.0009	0.0020331824232848817	0.13125942790132325	0.07520975893908699	0.0047764913299672696	0	0.14373202129839394	0	0.056396335317735975	0	0	0.26	0.0740102884800923	1.05485635453807
TCGA-30-1862-01	0.08257077935720095	0	0.19286666353228804	0.07454548788218916	0	0.21397592301425095	0	0.06369367019414096	0.03322231711679122	0	0.011911831136048821	0.018588449960681444	0.03898959240166218	0	0.061019742721039036	0.1918772589236028	0	0	0	0.016738283760104444	0	0	0.34	0.05369007240523872	1.051242904965946
TCGA-23-1114-01	0.128708850706843	0	0	0	0	0.3208678161393427	0	0.02133905658606319	0	0	0.03674282893013665	0	0.012317114387217927	0.2781023491526323	0	0.08413652571809056	0	0.07587871105230605	0	0.04190674732736759	0	0	0.51	0.028032238361078966	1.093616031350044
TCGA-25-1626-01	0.06574840367926049	0	0.02070036674949262	0.10311819729152387	0	0.17710543069121953	0	0.03122874333021525	0.04102529823135053	0	0	0.044901577693899575	0.06972352184083137	0.002424414269045313	0.0290748826865593	0.23968600805389878	0	0.015018993112898671	0	0.1523323609387526	0	0.007911801431052098	0.2	0.08894412648079623	1.05635243591171
TCGA-61-2097-01	0.05036536368874497	0	0	0	0	0.1716619980193012	0	0.05578048609308718	0.0034130514737381427	0	0	0.06200765250257326	0.026619449413305855	0.14826883601529922	0.014214264076137876	0.30031246566545666	0	0.0730775334232352	0	0.0727613748217442	0	0.02151752480737621	0.26	0.08226860689425664	1.0675276392163233
TCGA-24-1616-01	0.038190269433314744	0	0	0.03934048915589952	0	0.22169239829401852	0	0.017144784999706755	0.08699069989672634	0	0	0.12019552757794136	0.04951280652566945	0.07095196041905173	0.07683307326856904	0.179438862506207	0	0.09970912792289552	0	0	0	0	0.64	0.012081923970745005	1.1024521803530807
TCGA-23-1109-01	0.01316367296108222	0.008440446525582485	0	0.0762523669651891	0	0.03826258407356093	0	0.09748129001599766	0.06946916705296052	0	0.0015612966009091803	0.032273128927408024	0.046378666170797764	0.250081488967287	0.026352466918889598	0.31648372572722183	0.009441622974537149	0.004279070903843722	0.010079005214732826	0	0	0	0.04	0.17271656173956787	1.0386783106204949
TCGA-29-2427-01	0.04838721942787331	0	0.013232016483821949	0.17285814394230525	0	0.07607146322990996	0	0.044756680747627384	0.0608932174444526	0	0.044127056295013095	0.0024424876399050223	0.003776500536149539	0.07391503608897287	0.10819947274863773	0.33725846810070836	0	0	0.01408223731462289	0	0	0	0.01	0.2717796709966741	0.9811571657696037
TCGA-29-1695-01	0.001066340905903876	0	0	0	0	0	0	0.016151689826094866	0.05450954519842802	0	0.031053333389373553	0	0	0.6607422444445202	0.05488972598821173	0.1717163376508897	0	0	0.00987078259657796	0	0	0	0	0.6486205188963557	0.768470451082731
TCGA-61-1737-01	0	0.0006	0.007907849456942687	0	0	0.18564181417697698	0	0.06029222114566009	0.0512147352896468	0	0	0.06458739485176695	0	0.2335604776621341	0.05851378080570959	0.3200971124895346	0	0	0.01760545475390058	0	0	0	0.04	0.18251871629046987	1.0338759545555114
TCGA-29-2425-01	0.053718571337550626	0	0.12447859550088454	0.005941557078468689	0	0.08282081605412027	0	0.0554891549410898	0.07325842217229875	0	0.06636326887931776	0.010543832324628605	0.0002	0.2742667934376638	0.08281453793520392	0.16538161828472672	0	0	0.004708210883278975	0	0	0	0.29	0.06755869631474207	1.0683497296586968
TCGA-09-1662-01	0	0.004794395210933837	0.0004	0.05079746512592213	0	0.16444119431125304	0	0.028767342663670575	0.08519690145793135	0	0.017093965767681293	0.04380292972985334	0.07923810919951774	0.32747877673546655	0.029936967043082595	0.16170397659398797	0	0	0.006343881749458935	0	0	0	0.06	0.1458332743331715	1.0531553277553538
TCGA-13-1512-01	0.0001	0.0008	0.07915893722890542	0.055972115618278515	0	0.09374371662205737	0	0.08498329711714409	0.020225084513550495	0	0.009343102255286426	0.017768721443857823	0	0.2760592425914315	0.13342634745818635	0.2221769753075295	0	0	0	0.006212987792806716	0	0	0.04	0.16382874942728795	1.044189187668288
TCGA-29-1697-01	0	0	0.2225264958487374	0.06257959751947555	0	0.06717480603516417	0	0.11522508021525317	0	0	0	0.08955669194083357	0.021719899367714807	0.13928046968864352	0.04009254047523354	0.06986182995816108	0	0.06547332125750711	0.10257658542843641	0	0.003932682264839659	0	0.7	0.0059709627033201	1.064245792795277
TCGA-24-2024-01	0.05077711028177569	0	0.08942683846389056	0.022146795519105138	0	0.15302196612250876	0	0.12105150474933576	0	0	0	0.06606526672843295	0.030690586597226333	0.17505776048456476	0.05624597814353687	0.22627407603423885	0	0	0	0.009242116875384267	0	0	0.26	0.07872605917788675	1.057155607876701
TCGA-57-1583-01	0	0.021941576676836574	0.046216903050041974	0	0	0.19986475271548537	0	0.03593424780369461	0.059648942431611444	0	0.0433449552269759	0.005869785311052765	0	0.4093762403398494	0.004653200020276339	0.14805638090182338	0	0	0.0003	0	0.02475427997483465	0	0.06	0.14831417516693712	1.0625887210785983
TCGA-24-1562-01	0	0.02350682766005773	0	0.05624859777415854	0	0.22553274698501208	0	0.0010017358102557947	0.10848839347132613	0	0.030907888570641435	0.009539222161479653	0	0.3061890044447525	0.039036925613822465	0.1712032937752	0.009817741366098968	0	0	0.01852762236719468	0	0	0.04	0.15704388237992162	1.046159431645533
TCGA-57-1584-01	0.041781614195648714	0	0.10201386053366403	0.03643932186482149	0	0.13765731145789645	0	0.03777729508061122	0.020075061728759915	0	0.00866599053576455	0.020545031688922865	0.07404117267725342	0	0.019836257154487797	0.4049115564236386	0	0.07495159957924273	0.02130392707928825	0	0	0	0.34	0.04923820882175535	1.064159124984578
TCGA-13-1411-01	0.014767911213139934	0	0	0.057219904386773796	0	0.11673272006486457	0	0.007526183787250535	0.06791107120140376	0	0.05390236311065116	0.007379187397743565	0.0003	0.2917143467684082	0.060847633055622546	0.3012534835741877	0	0	0	0	0	0.020456933557922337	0.01	0.43948458379956645	0.9021211623639876
TCGA-61-2088-01	0	0.00555641097612626	0.05407974995331524	0	0	0.3989092237529682	0	0.18998848085751804	0.0028372531138401583	0	0.06888131684156952	0.021401329708512253	0.061292673024789066	0.09660020926118221	0	0	0	0	0.10045335251017902	0	0	0	0.64	0.014105789279955263	1.1044300074413522
TCGA-25-1625-01	0.0682725532495169	0	0.03421511308192824	0.03709132344650931	0	0.1546813974817866	0	0.05052178216990826	0.014025810078840132	0	0	0.040823227755706896	0.0771916740404704	0	0.07017953215611399	0.398208230109426	0	0.02982967108998025	0	0.011450259955973475	0	0.01350942538383949	0.24	0.08424949950176638	1.0591690597621295
TCGA-24-2288-01	0.1452052644101884	0	0.18264323662973625	0.12085056641008794	0	0.09327943912247093	0	0.09566489626341439	0.049810831397413394	0	0.022348650881246254	0	0.01386634381979868	0	0.06831920663660239	0.1535950681654699	0	0.05351065944928063	0.0009	0	0	0	0.26	0.07787894118560951	1.04519762252744
TCGA-25-1623-01	0.0208984935527901	0	0.03852702205940915	0.052547316105986584	0	0.2243155165675847	0	0.0950687009376789	0.06326317182167639	0	0	0.01980143518323932	0.03091128533414385	0.1302533691881897	0.0790047345496864	0.2274285181562656	0	0.005892062715614209	0.005037892761448049	0	0	0.007050481066287004	0.04	0.19157946371376536	1.0132900818279973
TCGA-25-1312-01	0	0.0042456716942053455	0.0037368614091536894	0	0	0.3147756800058108	0	0.07181078153277344	0.0735428027880135	0	0	0.023933560614867542	0.05098668819499115	0.15075787813360814	0.07057475697308653	0.074269045369642	0	0	0.16136627328384787	0	0	0	0.64	0.01526880560606356	1.084583932552719
TCGA-61-1725-01	0.01040820226866206	0	0.07987748138986084	0.058986680912695856	0	0.18505222511611785	0	0.07196758117896655	0.004100310344421247	0	0	0.03456571462358856	0.003975641714564336	0	0.1250428876073378	0.39691755393775635	0	0	0.022492144061709154	0	0	0.006613576844319432	0.04	0.1757079690483428	1.0232916321045205
TCGA-25-2042-01	0.0632206516665917	0	0.02960851916331721	0.045166323187154675	0	0.22854760649383724	0	0	0.013468840538842867	0	0.01748050522476647	0	0.017895299172035733	0	0.009193733357069633	0.39139696996291773	0	0.0514132292914399	0	0.08354703797509017	0	0.049061283966936695	0.64	0.012104744516637922	1.0865842585440766
TCGA-23-1026-01	0.011455695443892655	0	0.01044428015196316	0.05011700817626775	0	0.24023800599487444	0	0.06555788886514771	0.06822059021446096	0	0.034340767651276714	0.06837158856070429	0.04096411589222558	0.15598219513910844	0.08025370707196038	0.10186003333572487	0.0023219020976120988	0	0.06987222140478097	0	0	0	0.06	0.15007832755840855	1.0333930645187104
TCGA-29-1770-01	0.02806798601027417	0	0.14817698947020908	0.007766349831879349	0	0.07229258737694046	0	0.05225682691168343	0.0013526347123884509	0	0	0.06137415143254329	0	0.17967902140023703	0.008693856567827816	0.33378209527878216	0	0.049742162878800365	0	0.05138936755444341	0	0.005425970573990987	0.38	0.04441579070967738	1.0804280872878544
TCGA-09-2054-01	0.0020114824363520085	0.02746100275718602	0.0273496059357351	0.06383932190354216	0	0.3355242827230562	0	0.12867039487375295	0.0028923507189657534	0	0.006422911273246915	0.03825377349623556	0.08571191216623106	0.1326521117036942	0.013921690469223815	0.07282055050604658	0	0	0.06243219945163128	0	0	0	0.43	0.04011019683847456	1.0806103421471056
TCGA-61-1919-01	0.019468973614014236	0.016487401677975366	0.014396943941534861	0.013106488833670042	0	0.08997138552619385	0	0.045740997446194094	0.020277843644662348	0	0	0.020090658473845162	0.0002	0.3039598067978863	0.07308432300670484	0.3668994601190724	0	0	0.010513431808937379	0	0	0.005835201499868859	0.01	0.39396768415099775	0.9335358172849556
TCGA-61-1900-01	0.24551762855694723	0	0.16329034507977208	0.0075644120895682135	0	0.09739280463361828	0	0.09858233567343386	0	0	0	0.08342748622888435	0.022256514359003443	0.04142617413330011	0.0490430731869752	0.19149922605849726	0	0	0	0	0	0	0.94	-0.0319	1.0904390507582813
TCGA-24-1558-01	0	0.014573145878072694	0.001	0	0	0.1809351341923102	0	0.04471350012432987	0.03958776671242906	0	0	0.1438415269468646	0	0.37553845786413276	0.00873630431013241	0.1448660749489744	0	0	0.045451745880771076	0	0	0.0008	0.12	0.11818972397205318	1.0811754818588266
TCGA-59-2354-01	0.0823825932030041	0	0.022012298022735056	0.05169935336414077	0	0.204618317878748	0	0.04390186460596561	0.05480201876600961	0	0.06563325050349529	0	0	0.16281140655255621	0.09367530236944048	0.21846359473390486	0	0	0	0	0	0	0.04	0.17543741833830923	1.022666537591761
TCGA-09-2051-01	0.11170273258415392	0	0.10825003176191468	0.0021443037451111314	0	0.11205572387575134	0	0.09746970418460014	0	0	0.0347020822260706	0.03006884547975085	0.010984571159963125	0	0.005434767440721563	0.28061382260597173	0	0.16514619205988534	0.02390930844979319	0	0	0.017517914426312366	0.27	0.07275833836430116	1.047034521598169
TCGA-09-1667-01	0.029194636400379108	0	0.004481239345760582	0.023895211352519506	0	0.20006720426966695	0	0.0926943295704351	0.04189176136550909	0	0.03338398773717056	0.030607373478929775	0.018461192351946036	0.24037356437611548	0.13959103831413386	0.12554335353451176	0	0	0.019815107902922142	0	0	0	0.01	0.23856118169054516	1.0024734353267641
TCGA-23-1809-01	0.007590811394298049	0.0001	0.0612518452760077	0	0	0.208247733082518	0	0.07032265548393918	0.04821594755378556	0	0.02652390712159976	0.050428848141086176	0	0.465571414905676	0.0021153780908345137	0	0	0	0.05958648141840412	0	0	0	0.38	0.046191425535608004	1.1139636117784697
TCGA-31-1956-01	0.008873993691745982	0	0.024133198511718825	0.09335194032102072	0	0.15221162775432315	0	0.01891517208167897	0.08788692430883746	0	0	0.025711810592578776	0.011109444539561407	0.2216276457810305	0.06632338374046441	0.2586933409857856	0.003773672104391329	0	0.026797266640831985	0	0	0.0006	0.01	0.3990084895693552	0.9194108060198699
TCGA-13-0730-01	0.06718455724650818	0	0.010757352521192825	0.20008115810615992	0	0.029808765382355648	0	0.06332334492868884	0.04527164089279698	0	0	0.042960859204442925	0.01154909904343975	0.25728942441973096	0.009158953768862083	0.21578212066925267	0	0.040352346507545774	0.006480377309023534	0	0	0	0.31	0.05667063961631301	1.0853439806666045
TCGA-04-1519-01	0.011071507803471166	0	0.18796473460169413	0	0	0.2354422628764338	0	0.05880497764343181	0.0002	0	0	0.07232577083111862	0.025921598170702255	0.13638507103232103	0	0.043662345894522635	0	0.07587334512927725	0.15233498414864086	0	0	0	0.34	0.05045699665063748	1.0495426257492146
TCGA-25-1870-01	0	0	0.04206252665139866	0.05269854347655562	0	0.1409034206276967	0	0.09311323500584492	0.0067783242715393896	0	0	0.1047879470785537	0.025633126147610846	0	0	0.234258388292966	0.003977207293408796	0	0	0.2765570919418349	0.014050932609522594	0.005179256603067938	0.57	0.019817216647383566	1.1270525351405574
TCGA-29-1688-01	0.0009	0.004075955066626234	0	0	0	0.2042701630731953	0	0.09171530775871976	0.017933525525334927	0	0.021838142083412813	0.03566535799287181	0.027142001394901756	0.10280493364655818	0.09574539989220546	0.35166752824569764	0	0.03183737887797335	0.014444023214617296	0	0	0	0.05	0.15232416799086093	1.0391379818256334
TCGA-61-2104-01	0.07530818985205191	0	0.051590145991667655	0.02288903261605513	0	0.15572972875344734	0	0.07433909081520002	0.07147455300023609	0	0.026393688147347223	0	0.006058938037909101	0.1306299110548964	0.15027045215735613	0.22356461745792008	0	0.0038884633494169337	0	0.007359996021535151	0	0.0005	0.07	0.13436484455062794	1.0429532831761954
TCGA-13-0801-01	0	0.08722274931369484	0	0.02524798223983518	0	0	0	0.048448113039904595	0.053351870362599786	0.024748068858316697	0	0.012124504349464379	0	0.3483558611058629	0.05422408531720329	0.32885528524232954	0	0	0.017421480170788733	0	0	0	0	0.5966786336769049	0.8026274434023769
TCGA-24-1928-01	0.02561085719080917	0	0.05570593547407421	0.026459118848602494	0	0.235567367195878	0	0.18000019606893328	0	0	0	0.05762532075141086	0.019841568408895557	0	0.08181607264626076	0.3015334366103	0	0.0032845989436838963	0	0.012555527861151763	0	0	0.56	0.02054480013988152	1.0866193196214395
TCGA-36-1569-01	0.03622359780998656	0	0.061379778892417344	0.06052202642195231	0	0.19897200807386223	0	0.07467623619124168	0.0678325564675345	0	0.05649069308208903	0	0.027081752657508684	0.07056751096562068	0.04670315856554041	0.2830453746685889	0.0005	0.005934462918261879	0	0	0	0.010070097808240027	0.08	0.12561802174515393	1.036298450760496
TCGA-25-1315-01	0.13051548473241906	0	0.32916239359111943	0.02353769617965287	0	0.040119704928944414	0	0.09154069580841373	0	0	0	0.07486102658729811	0.006474259920110876	0	0.008153699191466798	0.2355324715026538	0	0.06006177550082193	0	0	0	0	0.89	-0.015	1.0652696863862499
TCGA-24-1418-01	0.09044761637779561	0	0.0032084397654056915	0	0	0.29486347643234095	0	0.11331761682216386	0	0	0	0.016092099954879768	0.04244954153679251	0	0.059391443357430095	0.26341946297271845	0	0.05390559165411395	0.06290471112635912	0	0	0	0.4	0.04149315832570401	1.0688596923820228
TCGA-24-1428-01	0	0.024101372894077124	0.01200012668258974	0.026113210294529104	0	0.09644387820522043	0	0.029900650319669334	0.08054402664119194	0	0.02544691905267613	0.006534629274368422	0	0.48179157129088634	0.055399640904942433	0.1502902011567879	0	0	0	0.01143377328306121	0	0	0	0.5429491425251346	0.841059665343302
TCGA-23-2077-01	0.0005	0.004847874194555823	0.005870295122712236	0.03773491926701309	0	0.08194477877638767	0	0.05132765544594509	0.06349284138990348	0	0	0.008098051888216306	0.03304232334569518	0.14223523838391058	0.07436364333549637	0.34706266085010706	0	0	0.14944880811810843	0	0	0	0.12	0.11796404279162845	1.0508982777861953
TCGA-09-1669-01	0.07969049655860087	0	0.06441863147893497	0.07214490435826838	0	0.19649712913221648	0	0.11242061464565324	0.06723882056480565	0	0.030305518610087404	0	0.019087737949024224	0.12805499770926934	0.0808477269018373	0.14538837560437254	0	0	0.0039050464869295333	0	0	0	0.06	0.1442493470877317	1.0298591205063947
TCGA-24-1430-01	0.008017053139961748	0.009145856603635422	0.083051016449316	0	0	0.26229903102715385	0	0.08517610304447203	0.042153900792142575	0	0.005978431750266492	0	0.02840280658351142	0.20279487558154133	0	0.1902641527139605	0	0	0.07797165734835844	0	0	0.004745114965680207	0.51	0.029785644361442994	1.0765066410261253
TCGA-36-1581-01	0.06975422220604771	0	0.04942429294649793	0.008120914189836828	0	0.1927979239819537	0	0.13523555080614844	0.04792448248586227	0	0.029142734613071358	0.001237744166280527	0.007143457815298677	0.2008107827344966	0.11442975591611926	0.07503045290583758	0	0	0.06880441111695904	0	0	0.0001	0.04	0.18253960994224752	1.0146791981174677
TCGA-29-1776-01	0.06616105939089613	0	0.07924110170262545	0	0	0.27264125191603494	0	0.08047637248589774	0.021718975036173774	0	0	0.03578010272030644	0.020332873260905462	0	0.0370172178096732	0.2770023153870235	0	0.054887369895363455	0.05474136039509988	0	0	0	0.3	0.06076766359458009	1.0533823635665134
TCGA-29-1696-01	0.08270352181742911	0	0.10770574726214178	0.025098756455992167	0	0.18572671141100025	0	0.06977953014655272	0	0	0	0.018863472330274387	0.01695121541195351	0	0.103743612344542	0.30953903877125044	0	0.0748338078130679	0.005054586235795747	0	0	0	0.22	0.08734535887757738	1.052028494100059
TCGA-13-0913-01	0	0.001136712812728004	0.20445769476467987	0	0	0.17913573204818484	0	0.07118554036554015	0.06017580006476063	0	0	0.07410814695081706	0.027247047386639092	0.09934406366482143	0.0019517945104301454	0.10642972710509015	0	0.09619515343403186	0.07863258689227677	0	0	0	0.51	0.028016043964815576	1.0541411835346512
TCGA-09-0364-01	0.2863957900316579	0	0.05541440060793094	0.004034625236857795	0	0.24274552119603982	0	0.10799227349989507	0	0	0	0.10420758627070081	0.06261663685620855	0.06905357439325517	0	0.023150601945829456	0	0	0.04258584984293264	0	0.0018031401186918738	0	0.54	0.02167259212634407	1.0941572093466714
TCGA-61-2111-01	0.0004	0.015582571493032476	0.0071399319341720864	0	0	0.20607441677018976	0	0.018498653021728227	0.127099852190547	0	0.0036859355221961227	0.052436216246710354	0.02758270920923859	0.16934898977164575	0.0196469445618296	0.20999187072968137	0	0	0.13291249730582408	0	0	0.009574140835577798	0.3	0.060676756144051096	1.0655505215644208
TCGA-36-1571-01	0.08902286702102939	0	0.24340204401720883	0	0	0.18581552545099234	0	0.05621219578765484	0	0	0.0006	0.05227160731440373	0.02195375426230854	0.04325454047419244	0.0453199469165298	0.22460282029690817	0	0.02266354933298013	0.014867910249329883	0	0	0	0.62	0.016366146214741556	1.056475569634179
TCGA-24-2020-01	0	0.017316408647873018	0.0045707770712724695	0	0	0.21709832951892927	0	0.018925224210216567	0.06402241539737952	0	0.12357586745796631	0	0	0.39615180525411564	0.0006	0.06816749603624148	0	0	0	0.08962029833662025	0	0	0.34	0.05211327780784979	1.112230416292617
TCGA-20-1687-01	0.10946930123890648	0	0.15090653916670735	0.02890412184157342	0	0.16356305970006846	0	0.045874490343857155	0.04108791366097494	0	0.011086516186738895	0.00653535888132131	0.09623684252403351	0	0.09205561622021535	0.2412105253087661	0	0.005932815093229583	0.0031501634113746675	0	0	0.0039867364222328045	0.29	0.06841104722108245	1.0473424765220294
TCGA-24-2262-01	0.0016048583017252824	0	0.0474333735403249	0.05348026473843236	0	0.16690070357664874	0	0.1048982834232662	0.10276796116627264	0	0.03582545224102299	0.0013356886289717458	0	0.3022452466367034	0.07601501566104919	0.05712781514334768	0	0	0	0.05036533694223491	0	0	0.04	0.16149986844680742	1.0371380441942317
TCGA-24-1850-01	0	0.0004	0.04639432318066701	0	0	0.136290151006043	0	0.11714346760302403	0.07373938183513155	0	0.007982734064455222	0	0.026988313298569964	0.20188003380456024	0.05481935343831427	0.29278367691386287	0	0	0.04160586871202467	0	0	0	0.2	0.09117499587184696	1.0619713835238702
TCGA-25-1313-01	0	0	0.0864150365614265	0	0	0.24653522923085966	0	0.030051529075343416	0.0032065638326140957	0	0.030710354920690523	0.06464491550112486	0.06552267837026073	0	0.016402088308138663	0.31301600402645596	0	0.07147379318486859	0.07192974009482943	0	0	0.0001	0.15	0.102174633176512	1.0391898796958048
TCGA-13-1489-02	0.024590564117329107	0	0	0.12075941193959919	0	0.12477102606773544	0	0.11584165179723074	0.004306418792730329	0	0	0.0755219369844953	0.01855947985872553	0.02735784517061966	0.09909444750775631	0.04916585570985899	0	0.20107901063593395	0	0.13895235141798545	0	0	0.16	0.0998786290383435	1.0859024042768048
TCGA-29-1694-01	0.012088383966903787	0	0.006983895869388883	0.0054556723295582305	0	0.2958786102431658	0	0.06556002572001099	0.029713581603765266	0	0.04887619703311258	0.030739357546296055	0.04435382692259479	0.1367820961576743	0.05700124887175709	0.15145740006749997	0	0.11510970366827218	0	0	0	0	0.27	0.07363676333699441	1.0689739264601597
TCGA-23-1027-01	0	0.018390147980277955	0	0	0	0.1401856461402899	0	0.06165737024624752	0.06194538936562814	0	0	0.04273873322942196	0.016555676557504295	0.3441609370922339	0.010379543197654644	0.24156085456272053	0	0.03471709434820275	0	0.0277086072798185	0	0	0.02	0.21272898401310755	1.028916931140462
TCGA-59-2355-01	0	0	0	0	0	0.2902712469062884	0	0.10020246145669945	0.059543751732872886	0	0	0.09094800145733353	0.037140335776468636	0.11657081327518745	0.07883590753169128	0.05797314470420548	0	0	0.16585684778056747	0	0.002657489378685461	0	0.26	0.07861422623789875	1.06492451194277
TCGA-24-1604-01	0.007469769432340546	0	0.09146138051803726	0	0	0.2890530192817844	0	0.08646094931620192	0.04294794865814939	0	0	0.0565378974102201	0.033023037166024144	0	0.0791995144449425	0.18705568504906683	0	0.10434381300662145	0.022446985716611467	0	0	0	0.33	0.05519609823920607	1.0667634615632156
TCGA-25-1319-01	0.0712802597069637	0	0.10422566459824208	0.04643741855043782	0	0.16559985598468452	0	0.05972492043751451	0.022991319754284326	0	0.017307519926623105	0.01755191481640286	0.02218442813509262	0.008833674613407116	0.11621105869754011	0.3126783533225741	0	0.016099519270062607	0.01887409218617053	0	0	0	0.26	0.07736645545107013	1.0542754372135907
TCGA-24-1564-01	0.020583062539207223	0	0	0.016634013090043087	0	0.10508310935982638	0	0.02811877281822432	0.021662674176930352	0	0.007403269816528024	0.0033872989407987197	0.007761027785016549	0.34425914364259	0.06312635469873701	0.36275018422708527	0	0	0.01923108890501318	0	0	0	0.01	0.46775133979272626	0.8912554212431774
TCGA-57-1994-01	0.0645230040910382	0	0.02637648902347988	0.07081630820056938	0	0.16213925050178535	0	0.10617656466755218	0.06888630081029659	0	0	0.010359052250895395	0	0.20701211024470553	0.059045928103922174	0.22466499210575533	0	0	0	0	0	0	0.06	0.14220714391276987	1.039869561961969
TCGA-04-1357-01	0.03970242999209187	0	0.06527991398378905	0.15511317900865434	0	0.17275512408798305	0	0.07746079330243155	0.07362169721228452	0	0.003108663961170804	0.015663143041619018	0.011465920711060736	0.08605470903031899	0.07288152621952063	0.21333113689555702	0.010939695495465841	0	0.002622067058052546	0	0	0	0.01	0.2985117392904669	0.964194217117398
TCGA-29-1778-01	0.05115250034034514	0	0.08718849503820031	0.05792839800298076	0	0.2550863465310953	0	0.027887043799587816	0.08261533611990643	0	0.07249009555950689	0.0004	0.008889815811471856	0.07027300101248249	0.06567729707853515	0.20131378213695078	0	0.01906868004572042	0	0	0	0	0.08	0.12631308282967674	1.0356099172809559
TCGA-13-0899-01	0	0.03156611760156027	0.025455464549607214	0.05215088290085104	0	0.07692619886652462	0	0.13500951077998077	0.059439088707434994	0	0	0.05732450275372835	0.02014732059439092	0.2363118536147108	0.03859444306543463	0.1795326291216239	0.02011614868651799	0.001463995745491965	0	0.0659618430121425	0	0	0.09	0.12401591180309732	1.0485492741079523
TCGA-24-2038-01	0.045744340952689526	0	0.035188211421517956	0	0	0.3085302522187748	0	0.002267158229111665	0.02723529307674836	0	0	0.05739771562319136	0.07598242886943572	0.007987735528157845	0	0.35129267673104236	0	0.013213345450700582	0.07273827881052139	0	0.0024225630881084324	0	0.69	0.008272063425342388	1.0836858445920463
TCGA-13-0800-01	0	0	0.14131095140487773	0	0	0.1401069396394692	0	0.23918384824022923	0	0	0	0.07708022211128283	0.06023885594086763	0.11250531582045084	0	0	0	0	0.22957386684282252	0	0	0	0.79	-0.0049	1.0872712971253686
TCGA-25-2399-01	0.10772459799787203	0	0.00604549322353975	0.05982570156174422	0	0.1943526737022386	0.016769077332709326	0.03855914854646214	0.04621410759121099	0	0.00687339114278938	0.07394273009440648	0.01674462033144418	0.1107062239459171	0.08612871286261481	0.19308174276070286	0	0	0.041470600215441036	0	0	0.0015611786909070266	0.12	0.1153454944331346	1.0442751684667249
TCGA-24-1548-01	0	0.006274707595382537	0.11875107936776286	0.054951137042196396	0	0.2165724733741491	0	0.09817581651662466	0.025477128091540534	0	0.009848135109050627	0.07790651054109436	0.07163778134892024	0.11296902198740842	0.06184362113385934	0.04845498255526754	0	0	0.0971376053367434	0	0	0	0.5	0.03074022880351037	1.06712778649807
TCGA-59-A5PD-01	0.06487039969270167	0	0.014826790328921672	0.008735234017120914	0	0.22382003964200778	0	0.07251732455397772	0.05058306321334698	0	0.027004374084837496	0	0.008689171514974767	0.3896130446595874	0.06054288100665134	0.07879767728587225	0	0	0	0	0	0	0.01	0.24593039974364642	1.0066330447476441
TCGA-25-2391-01	0	0	0.07812374486624457	0.032953210141347646	0	0.25843030757753666	0	0.08455815610809786	0	0	0	0.09632689570916561	0.03304135093383429	0	0.013097372276094584	0.25605476492844825	0	0.12618374351796185	0	0	0	0.021230453941268653	0.33	0.055438817615011085	1.0682025553607704
TCGA-29-2428-01	0.02891200634407133	0	0.028835122723931336	0.11768126105644994	0	0.09279168813048803	0	0.07662967242170494	0.09771949978986424	0	0.018303620281181147	0	0	0.17723087943809904	0.10980386946460811	0.2520923803496019	0	0	0	0	0	0	0.01	0.27162474068952286	0.9824945344363779
TCGA-25-1314-01	0.09662058480153415	0	0.06496276815140997	0.0021452635368984763	0	0.2099421356425712	0	0.044604803733032425	0.05800925574054128	0	0.05487367043122974	0	0.04026797578471782	0.07674275489900913	0.10087777737122915	0.20621577828641324	0	0	0.0447372316214134	0	0	0	0.45	0.03699126059746784	1.0642926653173468
TCGA-25-2393-01	0.08656161257110977	0	0	0.08506363826644713	0	0.0734606210164609	0	0.07420029180194383	0.027521186879524654	0	0	0.015462824454353714	0.01772890872903153	0.3294412811667024	0.0407590004138859	0.18736209934387554	0	0	0	0.043846029491102244	0	0.01859250586556233	0.12	0.11250264392513862	1.0690475481288009
TCGA-23-2081-01	0.008518961102576265	0	0.0814412174809225	0	0	0.23574068778530952	0	0.10554707370959938	0.06307510623511736	0	0	0.07385311270366525	0.011393222622061326	0.16168506680835656	0	0.03311084605581517	0	0.1412012002234308	0.08443350527314585	0	0	0	0.46	0.03610745905080831	1.0720076134267296
TCGA-29-1762-01	0	0.01326811353505045	0.049644945689570015	0	0	0.2933347711767779	0	0.028643007302317117	0.022724125967359468	0	0.05672022502476846	0.006994591606488367	0.17300504791119092	0.14631126058280114	0	0.04793058290831843	0	0	0.1474442010815366	0	0.013979127213821128	0	0.67	0.009765181375389027	1.0765723920621055
TCGA-23-1123-01	0	0.033609634430518925	0.020409038798463553	0.05411954181527011	0	0.11337361829984587	0	0.12205894509042058	0.02997106991674768	0	0.02245781659357286	0.00879638465649498	0.02932029163540694	0.04932633826844135	0.15765426632556825	0.32849766040159273	0	0.003481340876382378	0	0.026924052891273826	0	0	0.04	0.17804788123020174	1.0283831089501019
TCGA-24-1435-01	0	0.005534112970522757	0.03874152944515969	0.04564252028603151	0	0.1323684535124858	0	0.036094460084820944	0.0567556442758535	0	0	0.05137083338099086	0.017638281827206493	0.058261793690909426	0.17069777856242735	0.3434720850884906	0.0009	0	0.04249405197381631	0	0	0	0.04	0.1878560782474296	1.0272627810094193
TCGA-24-2026-01	0.06359030630743653	0	0.1343083682956948	0.04723132084141174	0	0.11346980250502074	0	0.09463376373828651	0.03768942507693819	0	0.025199003072447382	0.030052261873215854	0.02367385497476659	0.10850246626328258	0.109803738669279	0.21184568838222004	0	0	0	0	0	0	0.12	0.1133314684022249	1.037367680107104
TCGA-36-1575-01	0	0.020354028824329476	0.3434786486145294	0	0	0.1328200488965809	0	0.09062965398354235	0.02878010618266115	0	0	0.04884811982192444	0	0.144825191193814	0	0.0887670657075572	0	0.014229244497399816	0.08726789227766128	0	0	0	0.51	0.029918429551995453	1.0476440840011825
TCGA-10-0928-01	0.11721175311842506	0	0.10963228497918628	0	0	0.15264861550632453	0	0.0709983485188108	0.06789189765616974	0	0	0.08948451998641466	0.01328831461017103	0.14998150322935808	0	0.15514948935557651	0	0.07371327303956328	0	0	0	0	0.58	0.01772858196677661	1.073786368956398
TCGA-36-1568-01	0.04572272823952363	0	0.057748277572318193	0.05448817550293013	0	0.17120922767828703	0	0.01602829839951577	0.06739636359362844	0	0.009690682548790396	0.022951380854293112	0.005848782442624615	0.21023727644291926	0.05332567335463565	0.25778676251087895	0	0	0.027566370859654805	0	0	0	0.01	0.24080542650471154	0.9926917736347517
TCGA-36-1576-01	0.00947467588429704	0	0	0.07434655850735135	0	0.11431362654279667	0	0.06929936942867249	0.05612907106058378	0	0	0.03388761495489041	0.0480503059619029	0.2104523427749819	0.06777185740288073	0.27291891167667137	0.005322928079684884	0	0.038032737725286515	0	0	0	0.02	0.20529933315339027	1.0141891056163772
TCGA-24-1463-01	0	0.004148474336049233	0.006684451143140409	0	0	0.15918282307534856	0	0.07685495778287481	0.001170588499893624	0	0.0010112059296703585	0.03156731503328963	0	0.3800935100462049	0.08183550753274096	0.2441074997020587	0.0036136269722822816	0	0.009730039946446565	0	0	0	0.04	0.15695217415769608	1.0687408145424806
TCGA-57-1993-01	0	0.005292787298997734	0.04634630227562511	0	0	0.36539879843114564	0	0.030826572749480228	0.10631602317322346	0	0.10271577609312721	0	0.02445366014711904	0.2243186301727853	0.0004	0.06139227025644168	0	0	0.028739772232501397	0	0	0.003773976986219602	0.34	0.049711121646683835	1.0857250185493508
TCGA-24-2036-01	0	0	0.10108668495850694	0	0	0.21109134739659952	0	0.12213669401635562	0.01775042764148879	0	0.0009	0.029866753962498205	0.02530262995967324	0.22380459679291712	0	0.19219865478548076	0	0	0.07587445578998159	0	0	0	0.38	0.044314574403641595	1.0718319399179677
TCGA-13-1403-01	0.07040982907772676	0	0.07439119577173064	0	0	0.22613890272713774	0	0.015263824219339526	0.019617158793118414	0	0.03771057243999864	0.02662968528048916	0.009761043985014192	0	0	0.1885553434552217	0	0.33152244425022326	0	0	0	0	0.51	0.028590485885862927	1.0988357064508583
TCGA-09-0369-01	0.01270786188143229	0	0.002732493320705846	0	0	0.14296181698985505	0	0.0035981139756372494	0.021555817567930742	0	0.061237967542776474	0	0	0.3406451128760946	0.01908461811085942	0.37532053688837397	0	0	0.020155660846334366	0	0	0	0.13	0.10761688803496854	1.1007968852926697
TCGA-24-1103-01	0	0	0.12885842173372541	0.07871780100322448	0	0.041263225047752455	0	0.09597475444363808	0.08528317869633543	0	0	0.037848379579103066	0.05799220620036127	0.16845409294804944	0.0282216608633924	0	0	0.029837891038342074	0.23695402146031677	0	0.01059436698575905	0	0.52	0.023480382089176757	1.0674878914972552
TCGA-25-1871-01	0	0.0019161854300719654	0.10038280742129448	0	0	0.37859209062572746	0	0.1734329641568604	0.03486192705228775	0	0	0.10735061911021332	0.08758828960688027	0.06494779355944441	0.01056306931996046	0.00878563121195201	0.01058712417715906	0	0.01962799249047495	0	0.0013635058376734812	0	0.46	0.03463300572318053	1.0976035280026006
TCGA-23-1029-01	0.13056407215471386	0	0.1597627867930102	0	0	0.1486349951905621	0	0.009539025047249109	0.005109520547307802	0	0	0.08170833072580924	0.030438742830308823	0.02080551881619474	0.026848389471823456	0.20224584877250287	0	0.17558264875562754	0.007539049591937412	0	0	0.0012210713029528304	0.31	0.0572644795247858	1.0558638230932162
TCGA-25-1630-01	0.0011785274376544946	0.01120915224266109	0.004427700514748593	0	0	0.175752193305638	0	0.0059856283646121085	0.08475916200837406	0	0	0.07713709380980126	0	0.3778538339857345	0.005318837793430995	0.160807047414072	0	0	0	0.019776560123791156	0	0.07579426299948168	0.01	0.34911893536573974	0.9584497404341753
TCGA-25-1634-01	0.14018951652510858	0	0.2883652079862217	0	0	0.08659634170487365	0	0.031114756978216043	0	0	0	0.0516731349879432	0.022605608122647038	0.21172341806067843	0.003902545615342789	0.16382947001896855	0	0	0	0	0	0	0.84	-0.0104	1.078741705484002
TCGA-61-1721-01	0.0051522572063296265	0	0.015195778768893744	0.0644042522459689	0	0.19649391689113566	0	0.010521661317048335	0.0010741233255139317	0	0.05026692526545646	0.006905671743124716	0.03433732042558926	0	0	0.4970268420528412	0	0	0.11862125075809819	0	0	0	0.06	0.14968720343638578	1.0389030073968029
TCGA-24-1413-01	0.06441488189475468	0	0.1494871827688429	0	0	0.08956169426326294	0	0.07412531711395373	0.020096755109759935	0	0	0.030555558558859382	0.018120045902031142	0.1404203936905912	0.027886888672350243	0.2471466869770439	0	0.13148844403591547	0	0	0	0.0066961510126344785	0.12	0.1137541388628436	1.0378187791719817
TCGA-25-1323-01	0	0.06210000981057039	0.03675103244885676	0	0	0.47211685361028516	0	0.16855796047414534	0.007916523812358411	0	0.0024778751615299128	0.042917248171812604	0.07927011241286172	0.09478082179349837	0	0.006594621565150956	0	0	0.019240158516233723	0	0.0006	0.006689773395253082	0.45	0.037609930546784416	1.1041817053573768
TCGA-61-2110-01	0	0.049825404307820856	0.08279450622806614	0.02632291719128131	0	0.2738040739920704	0	0.11276741763285263	0.01820433306296354	0	0	0.020331844134128457	0.12486872204225846	0.2284178120041947	0.02205940643667217	0.006098278298091446	0.030298467441103632	0	0	0	0.0031281479875213685	0.0010786692409749275	0.38	0.044783676384098144	1.0716171514072697
TCGA-61-2109-01	0	0.015819013765940915	0.0008	0	0	0.373949002774657	0	0.0171694607556078	0.12654919170797538	0	0.023720817488508482	0.06151231055097941	0.05200176988086963	0.262993812303329	0.005417941087667475	0.060044894308196914	0	0	0	0	0	0	0.22	0.08501987999254247	1.081302550263832
TCGA-04-1514-01	0	0	0.06215577441492879	0	0	0.22942866864024455	0	0.15265146416376035	0.09530077262810785	0	0	0.09276286987948561	0.0965334958078369	0.1910141401448444	0	0	0	0	0.08015281432079152	0	0	0	0.62	0.01629392676181756	1.0891522623474745
TCGA-VG-A8LO-01	0.1084198569115389	0	0	0.025085912041600097	0	0.17984810454100028	0	0.16842768390117868	0.07985708895843216	0	0.05505972095298933	0	0.003352069919843292	0.14494231564512644	0.006872665631016757	0.041483834733672106	0	0.13499246940344892	0	0.051658277360153035	0	0	0.38	0.04537518508357643	1.0774710364159072
TCGA-24-1549-01	0.00526930354459002	0	0.05646338183808054	0.08558969371075963	0	0.07418650855652993	0	0.07365064406143922	0.05551379339669734	0	0.028782493671976748	0.10922601381941595	0.060339067490233426	0.2334584430708186	0.10637247672337466	0.06170392183151375	0	0.0002	0.036695640668833095	0	0.012507932556823767	0	0.06	0.15034526739833268	1.039535559169968
TCGA-29-1784-01	0.053777687652101384	0	0.07729546003642478	0.03926201192552275	0	0.2173837302030599	0	0.05677373672122576	0.0350124530963912	0	0.002299993700037778	0.004814667657166906	0.025170775628595567	0.07096118910920197	0.12148793069342888	0.28638445079113767	0	0	0.009375912785705421	0	0	0	0.01	0.26186159579282114	0.9805686010455824
TCGA-13-A5FT-01	0.18079331640703047	0	0.10263360553833362	0	0	0.045775867957674396	0	0.13004658384307155	0.010541925615901863	0	0	0.03614387404232166	0.014866875653938981	0.09838785607624509	0.05156296342016904	0.08225788443837621	0	0.2413814224371541	0.005607824569782996	0	0	0	0.29	0.06486247969701303	1.070079099855202
TCGA-61-1736-01	0.019370770425612083	0	0.008824713250628365	0	0	0.35897283925966494	0	0.021029344887310116	0.04093907531850819	0	0	0.08303681680473195	0.08480401603725647	0	0.01796305598237194	0.2560549126293095	0	0.07690654647335783	0.032097908931248524	0	0	0	0.5	0.030437251044984605	1.0811103289167185
TCGA-OY-A56P-01	0	0	0.05620452992744227	0	0	0.07930619721160186	0	0.1759137242020109	0.028458846697556873	0	0	0.1285105760239378	0	0.29375772063270333	0	0.01441670359631957	0	0.07198592128560323	0.15144578042282417	0	0	0	0.45	0.03734704729323308	1.0874715411006535
TCGA-29-1690-01	0.03449948753153324	0	0.0033635732075056658	0.0527176855037661	0	0.1803021512947576	0	0.011429285108158571	0.07394177272131389	0	0.018471957208580927	0.0028417718489685867	0.1426401428261973	0.15765277536740124	0	0.25736797151483365	0	0.04999891960323792	0	0.014772506263745249	0	0	0.02	0.2170017857961431	1.0039213179666828
TCGA-29-1761-01	0.03607192768719443	0	0	0.09658690747598572	0	0.1301918852865813	0	0.05157408988555174	0.0333852264797135	0	0	0.016231491891032703	0	0.24084417767149854	0.06033810572454221	0.30403819303580626	0	0	0.024669590177719924	0	0	0.006068404684373683	0.03	0.2029830286742752	1.0216195738805622
TCGA-24-2281-01	0.013168357240973436	0	0.010710336170484424	0.0465856414765224	0	0.08939837606518677	0	0.10234858729733179	0.08786599902478634	0	0.0027854017883092207	0.036347711311230074	0.0315254407632953	0.40141367937503997	0.05279115008803787	0.12208130903655379	0	0	0.0029780103622486093	0	0	0	0.01	0.3200738930508541	0.9710332560613566
TCGA-61-1738-01	0	0.08387887843900294	0.08329697723408441	0.005174264765139857	0	0.0955232415534368	0	0.08489635070821819	0.02211976689563404	0	0	0.04287790187127665	0.03170680561928863	0.06686605087255999	0.012335155951585476	0.07820371072105936	0	0.2890492313184313	0.08748833521619544	0	0.0016079920558833153	0.014975336778203617	0.11	0.12225599679490491	1.040434055253734
TCGA-25-2400-01	0.1359266597185927	0	0.09947558502390202	0	0	0.1303244598307041	0	0.08091681252317093	0	0	0	0.022995476442702993	0.08552143900140169	0	0.0647714343994646	0.3132626992541471	0	0.06680543380591386	0	0	0	0	0.53	0.023293464162675113	1.0706546828878905
TCGA-61-2098-01	0	0.004241484289359766	0.05384779728341042	0	0	0.37239633104966546	0	0.1539355136071315	0.0024491396395211916	0	0.004191563840398973	0.0840289849038368	0.055309289949369345	0.16367962299185326	0.004511694749647096	0.03074354408466324	0	0	0.06577452158450682	0	0.004890512026636111	0	0.51	0.028140207087547494	1.0920878744091058
TCGA-59-2363-01	0.06138277382627902	0.004648816011531666	0	0.06026421285666348	0	0.06505093559408087	0	0.12339671907018115	0.06612759956699402	0	0	0.07131959538804433	0.04552460744999843	0.1446705245703258	0.06676972410799038	0.1903859413713276	0	0.08368252821931123	0	0	0	0.01677602196727201	0.71	0.0022476313850221846	1.095072057005792
TCGA-24-1567-01	0.028702224524694397	0	0.16813718389656918	0.025868077948983593	0	0.1663173523153403	0	0.10763061055291263	0.01290161285040208	0	0	0.11313590978023293	0	0.3137666328224354	0	0.0075482359982202004	0	0	0.025790152883428855	0	0.030202006426780406	0	0.54	0.021318124580549314	1.090057235372107
TCGA-61-1918-01	0.03394927701026874	0	0.028199680959905066	0	0	0.20213340037536554	0	0.0655129805967215	0.05998730850939808	0	0	0.03733272840579053	0.03120816172662925	0.09250269897496813	0.09478299415179699	0.2947616552862532	0.037102744321871196	0	0.022526369681031787	0	0	0	0.13	0.1093110602411997	1.047053913684344
TCGA-36-1574-01	0.043125203353088365	0	0.033803659988836395	0	0	0.24578022138584177	0	0.06289904612039311	0.015545174788526695	0.0222435922438334	0.02273162223915743	0	0	0.24316471499096454	0.16063260117974695	0.10893499534850429	0	0.04113916836110706	0	0	0	0	0.03	0.20262463693526417	1.02505823565333
TCGA-24-2023-01	0.06213276795335926	0	0.016714086760494188	0.055227178702101	0	0.13126097013364438	0	0.0686892561371577	0.07097348353015007	0	0.04168603242966641	0.04220229022554726	0.02328562352698988	0	0.08730511788424082	0.27701649877375883	0	0.12170295900529454	0	0	0	0.0018037349375956818	0.27	0.0737146220317794	1.068129003099542
TCGA-13-1511-01	0	0.018820190686983207	0.02171305219832594	0.0347593384675757	0	0.10500541218293503	0	0.025202819467851655	0.08577902170549974	0	0	0.11334302180070377	0.01802044375405964	0.12074620854683799	0	0.1672448959808073	0	0.25867046644215175	0.02648719899037193	0	0	0.004207929775896376	0.24	0.08449693043486028	1.0733923695354564
TCGA-25-1318-01	0	0	0.1019446866492098	0	0	0.1546685136373159	0	0.04041919319848711	0.022615357899911027	0	0	0.03771113975942978	0.004661051054106056	0.2515913715224018	0.035874464601298395	0.3211428628837511	0	0	0	0.029371358794089034	0	0	0.08	0.12973121464537568	1.055838349545286
TCGA-25-2392-01	0.038019413333747226	0	0.03120147198669776	0.0018800203579976162	0	0.10620050951723825	0	0.03490523530620065	0.015516300454753268	0	0.01429503532388476	0	0.13685796514434298	0	0.03752608029869189	0.5552126000320499	0	0	0.028385368244395703	0	0	0	0.22	0.08508526935392045	1.0828242512686999
TCGA-24-1474-01	0	0.03151610005789445	0.04552711603560223	0	0	0.3253568916040779	0	0.023064149056781696	0.002529959211735757	0	0	0.05347214484016642	0.05838350485949274	0.07453786821979602	0.026747301201419535	0.14243130487574532	0	0	0.20633789707563302	0	0.0027663333924821207	0.007329429569172836	0.38	0.04529633483100516	1.0636327438170328
TCGA-24-1846-01	0.03731623683593184	0	0	0.02324563699589973	0	0.08756264463326718	0	0.03746985035117859	0.06320429893217534	0	0.006999936098310113	0.034149854436042716	0	0.37070914727166904	0.08839870076477226	0.23596928552960666	0	0	0.014974408151146488	0	0	0	0.01	0.2754174391682153	1.0005966734809704
TCGA-09-1659-01	0.008664735391365124	0	0.0959610568706145	0.06556197203688963	0	0.08433697292654571	0	0.01380924763438234	0.04951413905345422	0	0	0.05458707308838559	0.038631179970013245	0.2288166178164597	0.001347220611579353	0.27793900860547444	0	0.06975083226572712	0.011079943729108997	0	0	0	0.05	0.15250989367183312	1.0363606687646663
TCGA-24-2027-01	0	0.014770331918377426	0.05829571361438944	0	0	0.3875771935268484	0	0.09089942764411839	0	0	0	0.03061087669625585	0.04262038903775327	0.12911315239442345	0.0017293144933863036	0.01617896920188602	0.0022369674312683863	0	0.22090225519725612	0	0.005065408844036883	0	0.94	-0.0335	1.1092465985661106
TCGA-29-1693-01	0	0	0.010880401768519248	0.0365283103057077	0	0.3055897862513086	0	0.07083115615476068	0.012306907262924879	0	0	0.052470207737944315	0.0601686424143874	0.11662282818264223	0.04312634022086682	0.047929652452755905	0	0.1487159501915524	0.08094226137211182	0	0.013887555684517975	0	0.26	0.07433564206477793	1.0640143051517983
TCGA-20-1682-01	0.017357370324755525	0.00911826871910363	0.024004045911501765	0	0	0.3498907875245612	0	0.10817793661456766	0.0007	0.004464141961552175	0	0.035804575271961965	0.04321629405107305	0.12257431324914059	0.08066483272209636	0.12137846680225396	0	0	0.08261135330935751	0	0	0	0.16	0.09948638718728413	1.049839280554807
TCGA-09-0366-01	0.0001	0.007574940745752662	0.008168801515835742	0	0	0.18753879139586305	0	0.05051294878438901	0.01770649673857072	0	0.015711570234608827	0.058454381741569514	0.11964158822325893	0	0	0.48036983928523663	0	0.007383320549187236	0	0.03153238728017432	0	0.01533937462769839	0.04	0.17564928982023822	1.0323195929271953
TCGA-24-1434-01	0.045289313587325485	0	0.016965860117398656	0.01644198507232396	0	0.18584789906543128	0	0.019615754264952077	0.02358590350663227	0	0	0.030562727097909838	0.08018745980977077	0.010092852828911179	0.06542216882501552	0.4387092879995156	0	0	0	0.06727878782481338	0	0	0.13	0.10860756394299832	1.0559424747388322
TCGA-61-2003-01	0.006556741462708955	0	0	0.037010277184136464	0	0.14962045556976367	0	0.032577108348978645	0.048925616108780746	0	0.0028143192993930533	0.022736072082261697	0.016016731459427624	0.3732123219026377	0.041277694276584655	0.2523374606877616	0.0034522052550292315	0	0.013462996362535994	0	0	0	0.01	0.3291260690526344	0.9709528497027246
TCGA-24-1545-01	0.04153364923985737	0	0.1510484212537475	0.08465825793044396	0	0.20583145447459558	0.009303416813723507	0.05618318309793517	0.049931563955566215	0	0.024189627199238412	0	0.032212896477364805	0	0.12281515170922543	0.19604815628103053	0	0.004059302645856162	0.015886058541436984	0	0	0.006298860379978376	0.07	0.13443893217328054	1.028843231132905
TCGA-61-2012-01	0.008103754872002248	0.03383526931775258	0.11062982517388756	0.08282233144087227	0	0.1045947153739459	0	0.049177049208564166	0.06550474446995762	0	0	0.029284517205208197	0.01399914119561088	0.2613542874804826	0.14568861684144177	0.07299839226988952	0	0	0	0.0008	0	0.021189998015913283	0.02	0.20429596074143752	1.0143050887461291
TCGA-25-1632-01	0.2195320846060644	0	0.14655409180621318	0	0	0.14603758379509144	0	0.02537874455889627	0	0	0	0	0.01699806565170033	0.08243578157042052	0	0.19893233800752602	0	0.12041296571165541	0	0.04371834429243241	0	0	0.74	0	1.0746155603360166
TCGA-24-2267-01	0.0012257724829042975	0.028685066651080695	0.06115997765842355	0.06212442589582215	0	0.13903055063399955	0	0.06808462939247881	0.08239076946161035	0	0.01927140150728176	0	0.021423291452142442	0.23555954676841345	0.1026058364463081	0.15314945146793502	0	0.0003	0.025014065908514564	0	0	0	0.01	0.2527914726359021	0.9873109573943981
TCGA-24-2261-01	0.01390001187601551	0	0	0.04249001541074461	0	0.2720259488721176	0	0.06424859488610984	0.05688032840952594	0	0.03340582186661243	0.011446733141870866	0.03707669382596673	0.048745620731013774	0.10568622357940531	0.2092911819023808	0.0027184952398646616	0	0.10208433025837182	0	0	0	0.07	0.1308748148418711	1.0371488641607465
TCGA-25-1316-01	0	0	0.0009	0.21796447924856013	0	0.05277140197695998	0	0.10587067219665951	0.009170430976239569	0	0	0.06542999088467215	0.033210367227372084	0.0756399924592325	0.07998878840064762	0.12919122482671214	0	0	0.22707758962582536	0	0.002746701431844419	0	0.46	0.03555407655489012	1.0842127231545955
TCGA-09-1668-01	0.07822675045779616	0	0.004311870710306698	0	0	0.2103463513247538	0.014360082233395926	0.08271055684228315	0.055624942858269105	0	0.03805796873993367	0	0	0.2440789447110144	0.11609341151393458	0.08866884596801905	0	0.061960471643654924	0.0055598029966385095	0	0	0	0.26	0.08027688079419572	1.0735194327522943
TCGA-29-1770-02	0.0032297230647998273	0	0.044161852254098355	0	0	0.2283612760475323	0	0.09422357879118812	0.005823650906883707	0	0.04038804265716535	0.0842808323364388	0.02841818282179631	0.03680380211078698	0	0.16014086296138164	0	0.156547703577634	0.11313189006294677	0	0	0.004488602407347833	0.71	0.0038320190071249403	1.0836049396661236
TCGA-61-1733-01	0	0	0.17518207705509245	0.09909269251653635	0	0.09660448958180547	0	0.08264405724777377	0.035418811061901055	0	0	0.04336487024320496	0.022995456303437353	0.031896144329263444	0.04616411036563728	0.3648407862258557	0	0	0	0.0017965050694921864	0	0	0.51	0.029626518746336098	1.0696459778454008
TCGA-3P-A9WA-01	0.019535122675339956	0	0.02136641743978371	0	0	0.19583821765443765	0	0.09520501967700976	0.08368295137922997	0	0	0.027999162745413374	0.014974313336320887	0.26382596321868185	0.045552822400451005	0.16248133085224797	0	0.06808683416356748	0	0.0014518444575164033	0	0	0.38	0.046166530337476336	1.0872896205010791
TCGA-24-1425-01	0.0780558004530659	0	0.006821457481814342	0.00843495089909907	0	0.15390563907817545	0	0.013924522804673904	0.04422352103608315	0	0.05780134505486173	0	0	0.267413270806783	0.06175132251238862	0.30166652019739126	0	0.0012871347551099064	0.004714514920553687	0	0	0	0.13	0.11129587069281488	1.0683887815403612
TCGA-29-1691-01	0.18316151501590447	0	0.06164407996757902	0.06051255329460911	0	0.10225575837043394	0	0.0178287628729877	0.07095926810437077	0	0.01893284722649178	0.003947219517856883	0.017103129618470277	0	0.07422904541953847	0.38309938884968325	0	0	0.005664223241913545	0	0	0.0007	0.38	0.043848788276330056	1.0719340384708436
TCGA-61-2101-01	0.08940423789412806	0	0.1127538451441801	0	0	0.188179660408592	0	0.02416166946298726	0.04972021617125263	0	0.029849742424363192	0	0	0.12042304334846653	0.06138046719082897	0.2426804545218842	0.04528335243603159	0	0.03616331099728547	0	0	0	0.3	0.06180537801471527	1.0518091832327345
TCGA-59-2352-01	0.020371051296727706	0	0.192530382173697	0.04231920610558877	0	0.08631269652909504	0	0.06215054439726811	0.05718657991888766	0	0	0.043108241301588815	0.0017565662531146258	0.21250509087712566	0.14973782108636088	0.10587678262600447	0	0	0.026145037434541277	0	0	0	0.05	0.1507235295674064	1.029927524566914
TCGA-OY-A56Q-01	0.12965606689005732	0	0.22842790229063328	0	0.019648765596689342	0.05565955375317605	0	0.12226963756220223	0	0	0	0.06581222218028251	0	0.038715737494878125	0	0.25658591852359264	0	0.028208990736536467	0.055015204971952	0	0	0	0.82	-0.0072	1.064744737307521
TCGA-04-1365-01	0.05088839385636973	0	0.0487350716594184	0.1098896313809577	0	0.14682234834069852	0	0.08769074617114969	0.07486529947299364	0	0.024763588128508974	0.013936442704423712	0.03920474575002856	0.1311313313285015	0.11173750883851721	0.16033489236843232	0	0	0	0	0	0	0.02	0.22335004705529968	0.9992213280546466
TCGA-24-1563-01	0	0.005104622874548842	0.03477004666930678	0	0	0.26744701009438504	0	0.011548631936868671	0.027422700272160764	0	0	0.050336901587681705	0.008306813138487515	0.1679165822100798	0.04050381279444515	0.29025509725247733	0	0.026945822522163747	0	0.06450046927321222	0	0.004941489374182445	0.46	0.03520376564849287	1.0887871626854602
TCGA-13-0897-01	0.017671402485480252	0	0.03718829329822282	0.08483572202643697	0	0.16827326750500168	0	0.07973829963319039	0.08046756358157396	0	0.02384844231416224	0.03023232457849621	0.005891208573292138	0.021470592000532158	0.14288551917960923	0.2585374080589596	0	0.02653256356510914	0.022427393199933154	0	0	0	0.04	0.17249763484868866	1.0279876589158339
TCGA-24-2019-01	0.06885938468979771	0	0.09991922718431694	0.08930512592106014	0	0.14611649929389856	0	0.15024095482731079	0.010255595467641234	0	0	0.037799736440723763	0.030432226774916256	0.051166992266068065	0.1115123727963032	0.15400827658010346	0	0	0.05038360775785993	0	0	0	0.45	0.038523147638709655	1.0668741132349533
TCGA-36-1578-01	0.03437421709399988	0	0.053833633506424276	0.09872404459921344	0	0.14011577230411587	0	0.06058912322327608	0.05278560667409327	0	0.039810567553476894	0	0	0.13701151935628167	0.13530598121098	0.17900801441671363	0	0.03421730997200737	0.022371040234181662	0	0	0.011853169855235936	0.04	0.1746209157973309	1.0235502543005541
TCGA-61-2016-01	0.0998000860648727	0	0.020472429956498863	0.022647221987155675	0	0.2237602163367463	0	0.05316854757376098	0.03795468495541909	0	0	0.04824857550260514	0.010086311834991677	0	0.03912204446747382	0.3610273664226438	0	0.06345392666882638	0.020258588229005583	0	0	0	0.31	0.0571793776563879	1.0664891219520276
TCGA-13-1498-01	0	0.03022889485939088	0	0.07435867945162616	0	0.13393254604538335	0	0.06284641970541972	0.11061177066329642	0	0	0.0959649097786396	0.043784984090078534	0.20941461919955112	0.10983332815061611	0.1290238480559981	0	0	0	0	0	0	0.02	0.21569552419763902	1.0131897925763478
TCGA-24-1842-01	0.004461822327457582	0	0.05148850607724275	0.1078453384123023	0	0.15749213753447627	0	0.04842274290040241	0.05747286887116599	0	0.03523706120422781	0.015153000951574166	0.015848412417045307	0.28448910632668784	0.07544235286787063	0.13577409195691964	0	0	0.010872558152627276	0	0	0	0.01	0.2438739920335727	0.9973746244770351
TCGA-13-1405-01	0.025763628227585607	0	0.01860912817503834	0.15212340766546975	0	0.14919315658026275	0	0.17195618979391367	0.0165839603085838	0	0.03572604278580908	0.03114346585954182	0.02964998702944497	0.1465304770175173	0.04143841036438533	0.07501205099833651	0	0.01097606928574085	0.0952940259083703	0	0	0	0.27	0.07292419321141304	1.0654453726350228
TCGA-24-2298-01	0.040217728506287846	0	0.055713598915187894	0.037999435060751756	0	0.14067878274894316	0	0.06563742996790872	0.023261029259191338	0	0.018093948348558216	0.017401999670511443	0	0.1792871083746604	0.009879862177481387	0.19553211691500488	0	0.19255850158333468	0	0.023738458472178307	0	0	0.26	0.07684801615963337	1.066219417809528
TCGA-25-1328-01	0	0.012544861156041604	0.016417682378019875	0.07772167770490078	0	0.27205643836897425	0	0.03713756143557125	0.024489100201802495	0	0	0.09565340227624301	0.09771329389379702	0.2102735846599812	0	0.11375764950046073	0	0	0.026929002437867347	0	0.015305745986340406	0	0.26	0.07528248238676413	1.072687788873487
TCGA-30-1860-01	0.0695946919097163	0	0.11432055990786763	0.15078995212429505	0	0.1283956305176285	0	0.0882021335330183	0.035110609261829	0	0.047401319348124686	0.015202737874899456	0.02521984820789267	0.020729678822334466	0.14512450802739388	0.15990833046500003	0	0	0	0	0	0	0.01	0.301069559644351	0.9648091792292954
TCGA-25-1631-01	0.05063173855003646	0	0.09507457256140106	0	0	0.2561467580183479	0	0.021699841296759063	0.031046654059093796	0	0	0.03113126648832805	0.019320533019145974	0.15108164434692722	0	0.1693574817348826	0	0.10565658646308562	0.06885292346199222	0	0	0	0.34	0.05308065104988242	1.056339628952447
TCGA-13-0893-01	0.06849907271244966	0	0.09167373213654378	0.1168498502428943	0	0.10188094664871082	0	0.024221155995407927	0.0775423831444857	0	0.03560726637457865	0.04042586942443775	0.008333966268022738	0.015780421624224085	0.09057322713501405	0.16780656721929857	0	0.11051169643214913	0.05029384464178285	0	0	0	0.13	0.10999862013463389	1.042513174002209
TCGA-23-1122-01	0	0.03501570919057156	0.032325349110653406	0	0	0.14722825127263423	0	0.06831306349925818	0.10395516382351465	0	0.023386376897149532	0.0324374915002227	0.049719866023796494	0.2476891431616172	0.0354111301692068	0.06555788966757073	0.0031254646268928624	0	0.1558351010569116	0	0	0	0.34	0.048606449728285234	1.0670186822648866
TCGA-13-2060-01	0	0.011601641843745566	0	0.1063640043353797	0	0.0735596572708349	0	0.13521452604406106	0.00914414621361343	0	0	0.054362383867962556	0.04527612991281488	0.07660802598440551	0.24059659868281522	0.15211033087290596	0.00655984290399141	0	0.07997891110722985	0	0.008623800960239993	0	0.01	0.3052129494470936	0.9794426527812947
TCGA-13-0890-01	0.06394777799839646	0	0.04425878922817115	0.0708759543253495	0	0.1251724226229871	0	0.05378159825894335	0.08811260546412018	0	0	0.057809916446755046	0.03224165547941322	0.06071789975200573	0.09462018483394227	0.24403590703421932	0	0	0.06442528855569676	0	0	0	0.13	0.10796789312223488	1.0409338295234323
TCGA-59-2350-01	0.0003	0	0.06190651972013154	0	0	0.26043054580019376	0	0.04678798266152724	0.06658230672838876	0	0.05832373654104993	0	0.03466208530641308	0.2531868991193577	0.052288208336874954	0.047753989539073505	0	0.004142129215955511	0.11299372126264288	0	0	0.0006	0.25	0.0824608779891345	1.0554108496901633
TCGA-WR-A838-01	0.09726925412636128	0	0.17790219734220927	0	0	0.15292773375336507	0	0.15027283862129	0	0	0	0.10049126138630304	0.016681320456985105	0.0684932215786083	0	0.03064315189000544	0	0.20531902084487247	0	0	0	0	0.78	-0.0029	1.0856858912275713
TCGA-24-1467-01	0.07290217224114989	0	0.17538955084576996	0.050313838169265906	0	0.1933257513075401	0	0.07727409769122615	0.020952758575434476	0	0	0.022254262555343303	0.024614604337753684	0	0.09927815420545034	0.2603386724950005	0	0	0	0	0	0.003356137576065748	0.7	0.00691287959439959	1.0734960734881729
TCGA-09-1673-01	0.05198865776606164	0	0.07328740663853828	0	0	0.15174489241854805	0	0.12403227344886485	0	0	0.02437362379569659	0.014338109226767478	0.0784879891992673	0	0.001193163938928587	0.350723412615474	0	0.12983047095185324	0	0	0	0	0.56	0.020553511944783505	1.0748805135333712
TCGA-24-1544-01	0.169815613293445	0	0.071812956414055	0.236444557158026	0	0.03191367274998692	0	0.020595792631088166	0	0	0	0.04682830894505369	0.0015584723024393325	0.264533315299707	0.01013651794633949	0.12831684072666436	0	0.0162863133258922	0	0	0	0.0017576392073028765	0.3	0.06131375144391105	1.077269148490809
TCGA-04-1364-01	0.3324910218785579	0	0.2113700387938639	0	0	0.0795524358664623	0	0.03517765799344635	0.009448657774191705	0	0.004266017321225606	0	0	0.22820523978587273	0	0.09948893058637952	0	0	0	0	0	0	0.64	0.013274713103709498	1.0903258018448012
TCGA-61-2102-01	0.0012242025708719673	0.004878083612447777	0.0028722942308245123	0	0	0.16782337322927618	0	0.001275839635403434	0.049637805900182505	0	0.028719321581363155	0.01910426989696554	0	0.3788124165054869	0.011476333959719032	0.2790988035342499	0	0	0.055077255343209175	0	0	0	0.45	0.03873859848789739	1.128182657598641
TCGA-24-1550-01	0.05054141466451491	0	0.057001326493250536	0	0	0.07652957195535777	0	0.03678529353275352	0.018302592588501625	0.005334155470527432	0	0.009320738919903489	0	0.3490680773213547	0.04704237251442439	0.3434796760597487	0	0	0.0013261499698421508	0	0	0.005268630509820707	0	0.5556403959944337	0.8313976002443091
TCGA-24-1419-01	0.15765237290413925	0	0.3228547303005169	0	0	0.11271434932293246	0	0.06675720587309367	0.029728105015063212	0	0	0.0824845860703951	0.026049653379669486	0.12149177912773146	0.0015053858216144713	0.012777365785946116	0	0.03370649184710055	0.032277974551797296	0	0	0	0.64	0.012817510996808555	1.0577406477191655
TCGA-24-1849-01	0.03988545418443946	0	0.026172829191272496	0.05927923004782121	0	0.28790621142956485	0	0.08200351921881148	0.03525163221862572	0	0.022167511113188244	0.03140270096195548	0.12219560253546126	0.026692173937753406	0.06089987495577429	0.1694177960961691	0	0	0.03672546410916302	0	0	0	0.06	0.14501166732741397	1.0293666388879972
TCGA-25-1320-01	0.033482880936599076	0	0.009875743535085533	0.04598772319476213	0	0.2168921449961253	0	0.033332684832873175	0.01258114604551131	0	0	0.05813216769022565	0.02728305039584398	0.2988785544089996	0.006131841359677953	0.21490062156878798	0	0.03165536656892448	0.010866074466583827	0	0	0	0.13	0.10726710038996252	1.0696250832099723
TCGA-30-1861-01	0	0	0.07203794435237972	0	0	0.5870939687831618	0	0.037924985697949415	0	0	0.058201955654864954	0.002639890557262924	0.11061255432516606	0.09575660886766249	0	0.004475396834486795	0	0	0.020369103751744225	0	0.010887591175321596	0	0.51	0.02794754260898306	1.1063562738483466
TCGA-13-1410-01	0.11101069588283394	0	0.0707819425002466	0.03155698580071038	0	0.11330962210449082	0	0.08525921319894988	0.04676247566633573	0	0.052589116058370036	0	0.01487204180210745	0.05685007744525452	0.13446316823864626	0.21649830363867564	0	0.06604635766337874	0	0	0	0	0.04	0.15713830317895255	1.0276617457183148
TCGA-25-1627-01	0.03766330237542063	0.020431426442022636	0.07458016823666813	0.007118818077910551	0	0.14270351168150566	0	0.047415033661065614	0.04135094125894773	0	0	0.09765716405072139	0.014090676281651393	0.22199855868879964	0.020828730760349648	0.259894674488969	0.002096826289270163	0.009008514207166057	0	0	0	0.003161653499531754	0.33	0.05619437708012182	1.0782167445764308
TCGA-30-1857-01	0.010061109658659768	0	0	0.07693203333362915	0	0.17554689989206274	0	0.018542376847945897	0.08678121197555136	0	0.010922899993141324	0.020714655194633145	0.014388309408507039	0.22173054148174207	0.0849418178069523	0.2560695292673652	0.0002	0	0.023131107948563167	0	0	0	0.01	0.2454297947357076	0.9980424696222928
TCGA-13-0920-01	0.0022695593439408393	0	0.23267838904911198	0	0	0.2331140636574742	0	0.1415919703892094	0	0	0	0.07083540320327916	0.018041433774522213	0.07673252626861193	0.1415324843524653	0.019183550004793607	0	0.0010749544348720964	0.06294566552171929	0	0	0	0.64	0.011080366467023752	1.0810247322474287
TCGA-09-0367-01	0.029913206045713153	0	0.06688024375282109	0.06238041198583869	0	0.16819044429526936	0	0.02370927259841018	0.10663239676079704	0	0.02598759173120051	0.03724992446250315	0.013121149606425724	0.08429325259479643	0.07780617128648687	0.2580944720135372	0.02345821917282705	0	0	0.021163752992546445	0	0.0011194907008271306	0.12	0.11702134937379105	1.0403033666403554
TCGA-24-1416-01	0	0	0.10518819712210044	0	0	0.4430192960695038	0	0.10718367486515884	0.0006	0	0	0.08828895560803739	0.07471983653227834	0.0276805501445036	0	0.11381744407670145	0	0.020847026091997192	0.014159630631161827	0	0.004538969878275648	0	0.22	0.08682190001548015	1.065598488804252
TCGA-24-0975-01	0.04398467382805561	0	0.028244976442022715	0.08690410981924025	0	0.23463105153794253	0	0.022237351829698142	0.0809662689358565	0	0.02567446682786876	0.01950737115417964	0.047145581816150015	0.054512211727565076	0.06184862043533831	0.278403798844444	0	0.0026935930370516207	0.013245923764586845	0	0	0	0.3	0.059597026885976845	1.0670242848904394
TCGA-24-2293-01	0.021230059942854543	0	0	0.043380444688659675	0	0.18091516102575803	0	0.030235375373303668	0.08942718296454084	0	0.01497186186025332	0.0020686826217336148	0.060080214465422534	0.20275439113299132	0.040036654952670066	0.2568114559435065	0	0.039380565158934365	0.01772554907260121	0	0	0.001	0.02	0.2072953980614636	1.0111814132516348
TCGA-61-1743-01	0.16852914941328154	0	0.2815867493044983	0	0	0.06045212120808259	0	0.06288422096876319	0.01937752620759957	0	0.015960225668000417	0.0013831819828315172	0	0.14128345881632756	0.06057145051687868	0.16585394976225498	0	0.022117966151481663	0	0	0	0	0.26	0.07858413463018525	1.0403491224623793
TCGA-31-1944-01	0.06381943349385855	0	0.061292635365818894	0	0	0.2130044142760455	0	0.0670280752541929	0.027471612312747435	0	0.015354630271999502	0.023315528685193265	0.034948337661230275	0.14108820637276792	0.07310903176120039	0.2056408220723747	0.0019496958890330425	0	0.07197757658353765	0	0	0	0.21	0.0883074703066525	1.0452231549578503
TCGA-25-1317-01	0.0069650475483374686	0	0.12628426813979834	0	0	0.17872615420184387	0	0.1255291135127631	0.05434154540960964	0	0	0.05511812119389197	0.04416367454481496	0.18456742323702902	0.0770289062842655	0.12329976320214663	0	0	0.023975982725499514	0	0	0	0.38	0.04416409170109095	1.0650072230078014
TCGA-25-1635-01	0	0.004891193486500753	0.00615758400088985	0	0	0.30665060106818215	0	0.04724384766875217	0.04992770257154656	0.0009	0.03040825884858227	0	0.0024583662291888927	0.1139893604006153	0.04338972101873952	0.29989241498400554	0	0.029012156183298464	0.064436579605959	0	0.0007	0	0.29	0.06312667584909157	1.0687294445768223
TCGA-29-A5NZ-01	0	0	0.04726983068739166	0	0	0.17271961173201925	0	0.1465491306372965	0	0	0	0.0732056742131553	0.03891648981764517	0.3804721095718378	0.055735625438441835	0.058923466577550036	0.015030923520643953	0	0.011177137804018501	0	0	0	0.26	0.08020439449616734	1.0850332328769445
TCGA-25-1628-01	0.060285793433815446	0	0.007506811480669527	0.1339150053873203	0	0.24020697076000352	0	0.05010602241146382	0.06775480112563334	0	0.03119902019566679	0	0.012010500763339902	0.031991178486707024	0.13860027815656656	0.19324701991619464	0	0	0.033176597882619126	0	0	0	0.06	0.1489835393115359	1.040741907917104
TCGA-24-1553-01	0.04633916090047893	0	0.0369159669528269	0.2561208447032227	0	0.11550703132370323	0	0.05976173902011783	0.07340132598125623	0	0	0.005760094159340901	0.03259838034230937	0.04371380852448425	0.09355096744182505	0.23633068065043458	0	0	0	0	0	0	0.04	0.1923291605943715	1.0174375086015244
TCGA-61-2092-01	0.19404167604985198	0	0.30834016818735177	0	0	0.09421882399176877	0	0.08357147166630707	0.002985749325549941	0	0.0084589902168978	0.006923833128967896	0	0.1281553688247714	0	0.13541248405171533	0	0.03161474189207667	0	0.006276692664741339	0	0	0.94	-0.0304	1.0752753912360402
TCGA-25-1329-01	0.05228682782859092	0	0.15422990254647218	0.031079833693796518	0	0.1440716705298394	0	0.025263525221584423	0.028117835451918104	0	0.014442551631571097	0	0.001187906806597917	0.20600992260524215	0.015886336052965307	0.30223486231162494	0	0.024674904740341008	0	0	0	0.0005	0.4	0.04116685257285099	1.0770821549261362
TCGA-24-1844-01	0.09339448698877377	0	0.25339175879301956	0	0	0.08994449278277099	0	0.07105950872821429	0	0	0	0.0543439204722588	0.020066754547616788	0	0	0.3626809700640762	0	0.05511810762326965	0	0	0	0	0.87	-0.0136	1.0740285039398603
TCGA-24-1603-01	0	0	0.1410357021260828	0	0	0.23357974574346796	0	0.10191004329190437	0.04121302203003163	0	0	0.03748434549778915	0.0461061001509969	0.15643558673593894	0.10951498437726546	0.09277141366756748	0	0	0	0.022695178587485407	0	0.017253877791469894	0.26	0.07522728842612104	1.0549059964912377
TCGA-09-2044-01	0.03150826880223719	0	0.06846563363867911	0.09237903210155722	0	0.1293912528572331	0	0.0556683512305667	0.06363308842295043	0	0	0.05681123495895927	0.04445862388172362	0.03481437289227139	0.05244674504473325	0.33545470577126285	0	0	0.01049559032785917	0	0	0.024473100069966714	0.12	0.11670038026246013	1.0402280787926352
TCGA-61-2008-02	0.03091754542252375	0	0.002626708868945613	0.07136154776407709	0	0.17111283892197723	0	0.12690517311660385	0.02686924898927753	0	0	0.07295616566444654	0	0.14376888929526865	0.09345846309841294	0.18256405007909332	0	0	0.07745936877937348	0	0	0	0.07	0.1356782626314944	1.039488231621409
TCGA-23-2078-01	0.19457432915122352	0	0.007757390787059589	0.11679863154919173	0	0.11407982773212624	0	0.09021581664466732	0.07833390558396584	0	0.044452656118026845	0	0.03648275216797966	0.009284673806637183	0.13009223005511383	0.14866643977331945	0	0	0.02926134663068886	0	0	0	0.07	0.1336837954807309	1.0424091253087577
TCGA-20-1683-01	0	0.012348300582488488	0.46350730033324267	0.03607885687304616	0	0.10542006393215635	0	0.09368976345001949	0.010511110137221013	0	0.007661986431169899	0.006673780207823884	0.00890039308931497	0.14163831126767862	0.018137051119287432	0.07743721859139195	0	0.0001	0.01789134577781311	0	0	0	0.16	0.09741948744511832	1.0260896830164854
TCGA-13-1505-01	0.1068157681657168	0	0.1318145664953282	0.06604777155850942	0	0.14798046243341764	0	0.11608600746571641	0.030716638638061105	0	0.008992313666996475	0	0.004785214525027341	0.05172892934478935	0.054330727227813645	0.2589176201219603	0	0	0.021783980356663356	0	0	0	0.34	0.04986947067759934	1.0556993679112872
TCGA-24-2254-01	0	0	0.040125428816722424	0	0	0.2433574196474095	0	0.023729572774171304	0.015047445779552315	0	0	0.082200566608814	0.035662277930155035	0.31488366096834536	0	0.15777259793027626	0	0.012463615821361872	0	0.0747574137231919	0	0	0.22	0.08550880072100862	1.0828220281763037
TCGA-23-1120-01	0.011892998818097678	0	0.020862903178728992	0.08093168331829628	0	0.09612345653695191	0	0.09857331766336751	0.07144878914450238	0	0	0.04802519533460217	0.031699709737660245	0.11062811127485071	0.17801553926055297	0.23016775776564535	0	0	0.021537546566597995	0	0	0.0001	0.03	0.20286135898958307	1.0206920177252639
TCGA-24-1546-01	0.0006	0.014283657565448336	0.024578529474020536	0	0	0.2602697952589885	0	0.028549799028231737	0.08513798252414428	0	0.03237545230383405	0.025196993483729578	0.06260294712072725	0.32369251125598364	0.0013758756778211253	0.08374979553716647	0	0	0.050728735336267664	0	0.006855912264152947	0	0.08	0.12748981869272602	1.0520492230445198
TCGA-24-1557-01	0.004598234172905766	0	0.08456889041773531	0	0	0.14454595129685352	0	0.10426345590952034	0.013205517452644288	0	0	0.09127128018566473	0.030066137153359436	0.11641111837152375	0.13706991471875987	0.18773756683540832	0	0	0.08626193348562464	0	0	0	0.3	0.06145231528349173	1.0665353867477458
TCGA-59-2351-01	0.05296691543705051	0	0.1402599077863505	0.003995284508940373	0	0.16988366200449184	0	0.04501952719924153	0.05813653489601357	0	0.01107716536329098	0.016090847163798577	0.024967333206223186	0.1863515865954575	0.0644923729283564	0.20716115536507457	0	0	0.01959770754571042	0	0	0	0.02	0.21598814366989424	0.9951475596905697
TCGA-24-2289-01	0.03268543139302239	0	0.05258809123138774	0	0	0.338282617626782	0	0.04789444490217689	0.07746435897730193	0	0	0.027142133239885402	0.0486569102255522	0.1446285892579614	0.030254844482569484	0.1342066456217681	0	0	0	0.058900432194906205	0.00294749573517251	0.004348005111513764	0.26	0.07505390194094307	1.0598153625025917
TCGA-13-1481-01	0.08624718725585281	0	0.28284735186151355	0.04995607355469289	0	0.1659439943099478	0	0.05045202054613408	0.06940397906743782	0	0.018448070242881743	0.0061186134959026256	0.01374260024473983	0.053424769460197745	0.10897631859690061	0.0944390213637984	0	0	0	0	0	0	0.28	0.07251701283806111	1.0439166933006185
TCGA-25-2397-01	0	0	0.07386772308200874	0	0	0.28430397186983447	0	0.12902323948996874	0.069049779366165	0	0.045863896195275956	0	0.08308012587793846	0.12619157200916592	0	0.02429485860259475	0	0	0.13586072599121413	0	0.001885355932680773	0.026578751583153107	0.29	0.06686045438537792	1.0584151788770415
TCGA-09-2045-01	0.09651967206217657	0	0	0.0491701078611766	0	0.11302831897857049	0	0.0778407602407997	0.07224766789149738	0	0	0.028329342998470983	0.030217519771316294	0.015274528476435402	0.008765920360299224	0.3390864005968857	0	0.16396050839300075	0.0004	0	0	0.0051649521014194314	0.39	0.042442837335915286	1.076285469847833
TCGA-24-2290-01	0.0019147566224509372	0.005313064166787151	0.0030295401486830588	0	0	0.2286840169264907	0	0.043729440630038946	0.08829722573100147	0	0.03200180456151006	0.011394534400319694	0	0.22869451750791087	0.030699587837202856	0.23399799153020048	0	0.03395288739681146	0	0.05829063254059236	0	0	0.12	0.11512699562449859	1.0574128616019447
TCGA-61-2000-01	0	0.004334126166576574	0.07301905654021383	0.004352317149050721	0	0.21499195384404504	0.02090591640359819	0.08592216469673748	0.036974253177734694	0	0	0.1176679632667338	0.020662427322951718	0.08808315972799119	0.04459449675244153	0.2505450576616949	0	0.017742935079551127	0.011791514443473556	0	0	0.00841265776720571	0.04	0.18170600463942274	1.0162408996152918
TCGA-09-2048-01	0.09086256347399135	0	0.2758282091358612	0.011707025488444113	0	0.06805094363942553	0	0.06349201192805708	0.05609588828765249	0	0	0.037977793358238705	0.029004545463636573	0	0	0.3236800074978711	0	0.0075207173124566574	0	0.035780294414365206	0	0	0.9	-0.0196	1.0712443650752506
TCGA-61-1907-01	0.0034916688541818757	0	0.04246423189502513	0.013659057737510145	0	0.14921509624553644	0	0.054496477922720235	0.1345182547386899	0	0	0.0456575978016768	0	0.10955467589597524	0.1298274724779242	0.3137609652493809	0	0	0	0.0002	0	0.0031575530602082243	0.01	0.307848504406703	0.9657235828787062
TCGA-23-1111-01	0.1405801937436861	0	0.09688362119150219	0	0	0.08145460919782302	0	0.11871035683186897	0	0	0	0.05884150919460616	0	0.08909051888087947	0.0033401264467598445	0.16565337403555214	0	0.20267661456413802	0.04276907591318408	0	0	0	0.64	0.015436745524847332	1.0735906938224002
TCGA-31-1959-01	0.01156797877191494	0.010901088270513188	0.0028754442399259086	0.030843875688701956	0	0.20232520178745922	0	0.06085795388137903	0.05411109318124676	0	0	0.05939958659884014	0.021689864961716786	0.09799373015837352	0.042436057810105066	0.3657528085264652	0	0.009049149048795961	0.025827080246028204	0	0	0.004369086828534155	0.04	0.19345016324455708	1.0165970474637491
TCGA-24-1560-01	0.12480430110945873	0	0.2132714550920217	0	0	0.11128814692687895	0	0.10822136128985427	0.011165339313319558	0	0.009669786635439295	0.029134747634786132	0.008685754541569219	0.031014387833120133	0.06369804525262936	0.2001839426123039	0	0.08886273175861877	0	0	0	0	0.7	0.004296985137018774	1.0662510341920814
TCGA-29-1783-01	0.04889393402621612	0	0.015020412307826405	0.05736758291114547	0	0.16475275432362949	0	0.06725170756393123	0.04679914158983213	0	0	0.041605611494893675	0.029809948719734133	0.09231680601495067	0.0769211402668687	0.34863286804348687	0.0014909272581322044	0	0.008303754148364375	0	0	0.0008	0.12	0.11830007572152658	1.0483994094248008
TCGA-59-2348-01	0.0013156419691439057	0.008582490048811162	0.12566791471676542	0	0	0.22555525751851632	0	0.10282903848443661	0.07832358033333814	0	0.0477075968229584	0	0	0.24338847847832265	0.018078358704087562	0.09178276579828204	0	0.01716295671030809	0.03039083342619066	0	0	0.009215086988839067	0.3	0.06057490894257287	1.063463449942606
TCGA-24-1424-01	0.08300702826943092	0	0.06062267219539994	0	0	0.15078202324569256	0	0.09712674159067988	0.00565864869369981	0	0	0.03867266677899566	0.015475092808744982	0.13068321643145878	0.09065689632264141	0.25430463304309275	0	0	0.060167368268830276	0	0	0.012843012351332998	0.43	0.04019287491249222	1.0682891181576315
TCGA-13-1507-01	0	0	0.12077126891326638	0.039030718659372556	0	0.13402979652322503	0	0.10059309337001023	0.016968262934202397	0	0	0.05739357330441198	0.016988156397945764	0.14194921223286336	0.17467782538121218	0.14504568428286335	0	0	0.0482855073073279	0	0	0.004266900693298833	0.01	0.2683486530048004	0.9815294201635595
TCGA-25-2404-01	0	0	0.05127992286521684	0.13260289647869453	0	0.22782510279052098	0	0.1797702966805698	0.013165644682528435	0	0	0	0.044532526552434296	0.1265657857576449	0.10610926656845597	0.06097269733044047	0	0	0.05094423469813352	0	0	0.006231625595360295	0.28	0.0722136124251532	1.0704923016440113
TCGA-61-2095-01	0.0013075109739180176	0	0.018419162606133584	0	0	0.2752814770545905	0	0.0055038212913613264	0.07758964788084383	0	0.0765390568400418	0.06354270491155568	0	0.26222975828557343	0	0.1988619528204348	0	0.00834701796016275	0.009079956454198096	0	0	0.0032979329211861737	0.04	0.1682568270358333	1.0409869113526706
TCGA-29-1702-01	0	0	0.19508873748185648	0	0	0.15460498937414485	0	0.1532558067462488	0	0	0	0.05449167096798878	0.03042556005899253	0.11449985714864669	0	0.09751240822754338	0.017641188042844168	0.03299291528157481	0.1494868666701595	0	0	0	0.58	0.018658394508975756	1.0572804269188036
TCGA-24-1417-01	0.0009	0.002070518767260052	0.03045640716222781	0.008600448982264653	0	0.12519243521406972	0	0.06912111036563792	0.06260282256552864	0	0.032461901781070904	0.0254846542180884	0.0049396044299985335	0.23349778355255252	0.055306333001745214	0.26010376966073456	0	0.05748615951332584	0.03177005746396098	0	0	0	0.02	0.2111466316282747	1.0117525061774426
TCGA-57-1585-01	0.026072226109117858	0	0.05824139932090384	0.04575765695961577	0	0.147639383155093	0	0.016021235733212007	0.03699978558238694	0	0.017271797319084754	0	0.013367880001890542	0.3606441201678625	0.03910743620530321	0.21534193349792988	0	0	0	0.02353514594759972	0	0	0.04	0.15916184214978868	1.0526804880324376
